 hih1=   5.333 Number of points =  165
   0.966728435E+00  -0.584443850E-02   0.217726056E+00   0.289966791E-01   0.206046806E+02
   0.966729474E+00  -0.585215160E-02   0.239937579E+00   0.319724959E-01   0.209685196E+02
   0.966731322E+00  -0.586586760E-02   0.268395560E+00   0.357869153E-01   0.216126411E+02
   0.966734608E+00  -0.589025860E-02   0.316544717E+00   0.422270846E-01   0.230915487E+02
   0.966740452E+00  -0.593363260E-02   0.361750091E+00   0.482221096E-01   0.265264612E+02
   0.966750843E+00  -0.601076380E-02   0.398448033E+00   0.530347363E-01   0.333462721E+02
   0.966769322E+00  -0.614792440E-02   0.431104396E+00   0.572200108E-01   0.457567415E+02
   0.966802182E+00  -0.639183440E-02   0.367381533E+00   0.486908467E-01   0.467966478E+02
   0.966860617E+00  -0.682557450E-02   0.484220116E+00   0.636814702E-01   0.831932398E+02
   0.966964531E+00  -0.759688550E-02   0.544560217E+00   0.704588296E-01   0.141583639E+03
   0.967149319E+00  -0.896849210E-02   0.608453512E+00   0.766395153E-01   0.216709959E+03
   0.967477924E+00  -0.114075918E-01   0.688805754E+00   0.831726251E-01   0.289865216E+03
   0.968062275E+00  -0.157449926E-01   0.798922870E+00   0.905051822E-01   0.278973913E+03
   0.969101414E+00  -0.234581031E-01   0.928391421E+00   0.961188168E-01   0.508784822E+02
   0.970949294E+00  -0.371741687E-01   0.942110799E+00   0.872630107E-01   0.360764146E-01
   0.765671056E+00  -0.299652641E-01   0.306896016E+00   0.326860754E-01   0.332018369E+02
   0.765671878E+00  -0.299730034E-01   0.311377187E+00   0.331653158E-01   0.335173238E+02
   0.765673339E+00  -0.299867660E-01   0.376713137E+00   0.400464199E-01   0.341965817E+02
   0.765675938E+00  -0.300112397E-01   0.440776058E+00   0.467939054E-01   0.356636097E+02
   0.765680560E+00  -0.300547608E-01   0.480643994E+00   0.509661751E-01   0.379810898E+02
   0.765688779E+00  -0.301321536E-01   0.548669846E+00   0.581148756E-01   0.455790700E+02
   0.765703394E+00  -0.302697796E-01   0.585176705E+00   0.619191328E-01   0.569084712E+02
   0.765729384E+00  -0.305145170E-01   0.623294746E+00   0.658664641E-01   0.759834275E+02
   0.765775602E+00  -0.309497285E-01   0.597762100E+00   0.631952856E-01   0.767547591E+02
   0.765857790E+00  -0.317236561E-01   0.693965594E+00   0.730276722E-01   0.131123814E+03
   0.766003943E+00  -0.330999157E-01   0.771145968E+00   0.805356147E-01   0.197085406E+03
   0.766263843E+00  -0.355472899E-01   0.861920702E+00   0.888139977E-01   0.233290533E+03
   0.766726019E+00  -0.398994049E-01   0.981524530E+00   0.987420609E-01   0.133630853E+03
   0.767547896E+00  -0.476386814E-01   0.102913468E+01   0.100668886E+00   0.170523810E+00
   0.769009425E+00  -0.614012775E-01   0.102782521E+01   0.965012740E-01   0.594351050E-04
   0.473497570E+00  -0.545438538E-01   0.351993820E+00   0.206214386E-01   0.217149139E+02
   0.473498013E+00  -0.545516239E-01   0.356081330E+00   0.208616395E-01   0.220568815E+02
   0.473498802E+00  -0.545654414E-01   0.416259426E+00   0.241000681E-01   0.226282903E+02
   0.473500204E+00  -0.545900128E-01   0.497478106E+00   0.286126634E-01   0.241769279E+02
   0.473502697E+00  -0.546337076E-01   0.579887457E+00   0.331804650E-01   0.280107768E+02
   0.473507131E+00  -0.547114091E-01   0.630367747E+00   0.359509566E-01   0.349520938E+02
   0.473515015E+00  -0.548495842E-01   0.677766032E+00   0.385598282E-01   0.467758560E+02
   0.473529036E+00  -0.550952980E-01   0.615491578E+00   0.351879107E-01   0.450924903E+02
   0.473553969E+00  -0.555322459E-01   0.749635867E+00   0.424802169E-01   0.778589345E+02
   0.473598308E+00  -0.563092613E-01   0.835036392E+00   0.469204853E-01   0.119291488E+03
   0.473677153E+00  -0.576910119E-01   0.930249988E+00   0.515165628E-01   0.146441361E+03
   0.473817363E+00  -0.601481504E-01   0.105096015E+01   0.566307530E-01   0.936957331E+02
   0.474066694E+00  -0.645176292E-01   0.110883560E+01   0.580018112E-01   0.433667705E+00
   0.474510076E+00  -0.722877835E-01   0.110682100E+01   0.560194714E-01   0.767308779E-04
   0.475298532E+00  -0.861052888E-01   0.110326720E+01   0.526437327E-01   0.548293517E-04
   0.192978671E+00  -0.569616902E-01   0.495912487E+00  -0.327667948E-01   0.186090952E+02
   0.192978181E+00  -0.569694576E-01   0.506724401E+00  -0.335075773E-01   0.188950290E+02
   0.192977310E+00  -0.569832701E-01   0.600418022E+00  -0.390813804E-01   0.200289851E+02
   0.192975762E+00  -0.570078327E-01   0.648708189E+00  -0.420691579E-01   0.215443561E+02
   0.192973008E+00  -0.570515119E-01   0.698108662E+00  -0.449778906E-01   0.239253728E+02
   0.192968111E+00  -0.571291856E-01   0.761955611E+00  -0.488678769E-01   0.297767729E+02
   0.192959403E+00  -0.572673112E-01   0.823432087E+00  -0.527466853E-01   0.390432611E+02
   0.192943918E+00  -0.575129371E-01   0.799103212E+00  -0.517009447E-01   0.351579021E+02
   0.192916381E+00  -0.579497287E-01   0.935603289E+00  -0.604123898E-01   0.526324397E+02
   0.192867413E+00  -0.587264660E-01   0.105910642E+01  -0.690124270E-01   0.505577096E+02
   0.192780334E+00  -0.601077221E-01   0.116282891E+01  -0.766775888E-01   0.117750783E+02
   0.192625482E+00  -0.625639813E-01   0.117191124E+01  -0.776533642E-01   0.376049832E-02
   0.192350113E+00  -0.669318966E-01   0.116828676E+01  -0.779802001E-01   0.733350394E-04
   0.191860430E+00  -0.746992703E-01   0.116137856E+01  -0.782744183E-01   0.470601098E-04
   0.190989636E+00  -0.885118310E-01   0.114966683E+01  -0.780933083E-01   0.354043189E-04
   0.227838417E-01  -0.250702561E-01   0.710827239E+00  -0.358593546E+00   0.222055802E+01
   0.227803329E-01  -0.250772031E-01   0.713174551E+00  -0.359853107E+00   0.221983101E+01
   0.227740934E-01  -0.250895568E-01   0.744936213E+00  -0.375081704E+00   0.290108828E+01
   0.227629978E-01  -0.251115251E-01   0.778775258E+00  -0.391509502E+00   0.342083658E+01
   0.227432667E-01  -0.251505908E-01   0.853766640E+00  -0.428309346E+00   0.376840064E+01
   0.227081793E-01  -0.252200607E-01   0.900799333E+00  -0.450163341E+00   0.319216805E+01
   0.226457840E-01  -0.253435975E-01   0.955790654E+00  -0.477688601E+00   0.770106822E+00
   0.225348279E-01  -0.255632805E-01   0.956291800E+00  -0.476693046E+00   0.361684317E-02
   0.223375169E-01  -0.259539383E-01   0.954306148E+00  -0.473436913E+00   0.706931793E-04
   0.219866427E-01  -0.266486369E-01   0.961092528E+00  -0.477248388E+00   0.653499856E+00
   0.213626905E-01  -0.278840051E-01   0.954900465E+00  -0.465240103E+00   0.150681281E-04
   0.202531290E-01  -0.300808351E-01   0.944630461E+00  -0.445999150E+00   0.837407080E-05
   0.182800187E-01  -0.339874125E-01   0.930955236E+00  -0.409273785E+00   0.548989741E-05
   0.147712773E-01  -0.409343987E-01   0.919261928E+00  -0.353273323E+00   0.471029588E-05
   0.853175460E-02  -0.532880813E-01   0.917837808E+00  -0.280729214E+00   0.521755152E-05
  -0.100000000E-04   0.000000000E+00   0.213287059E-01   0.169789034E-04   0.638198668E-05
  -0.177828000E-04   0.000000000E+00   0.224404862E-01   0.177689973E-04   0.677209288E-05
  -0.316228000E-04   0.000000000E+00   0.240317332E-01   0.182273479E-04   0.737959532E-05
  -0.562341000E-04   0.000000000E+00   0.258837673E-01   0.183013255E-04   0.650555955E-05
  -0.100000000E-03   0.000000000E+00   0.294405852E-01   0.183518200E-04   0.681775074E-05
  -0.177827900E-03   0.000000000E+00   0.352673828E-01   0.183570194E-04   0.655647806E-05
  -0.316227800E-03   0.000000000E+00   0.454309221E-01   0.183595569E-04   0.615608955E-05
  -0.562341300E-03   0.000000000E+00   0.628629223E-01   0.183343251E-04   0.530449426E-05
  -0.100000000E-02   0.000000000E+00   0.920095916E-01   0.182385587E-04   0.356717864E-05
  -0.177827940E-02   0.000000000E+00   0.138987015E+00   0.180200798E-04   0.238874846E-05
  -0.316227770E-02   0.000000000E+00   0.209879711E+00   0.175230631E-04   0.175294764E-05
  -0.562341330E-02   0.000000000E+00   0.308366250E+00   0.165915692E-04   0.148197471E-05
  -0.100000000E-01   0.000000000E+00   0.429272022E+00   0.149351526E-04   0.152122359E-05
  -0.177827941E-01   0.000000000E+00   0.560468610E+00   0.117530964E-04   0.193477072E-05
  -0.316227766E-01   0.000000000E+00   0.684774201E+00   0.750225156E-05   0.305027869E-05
   0.891015021E-01   0.448906659E-01   0.662034130E+00   0.129919833E+00   0.861500524E+01
   0.891000561E-01   0.448983132E-01   0.713885974E+00   0.139323610E+00   0.894285290E+01
   0.890974847E-01   0.449119122E-01   0.763250983E+00   0.148385814E+00   0.944794389E+01
   0.890929120E-01   0.449360950E-01   0.809852945E+00   0.157041682E+00   0.102165715E+02
   0.890847806E-01   0.449790989E-01   0.867213136E+00   0.167203223E+00   0.838239799E+01
   0.890703206E-01   0.450555717E-01   0.925865194E+00   0.178299930E+00   0.114471676E+02
   0.890446066E-01   0.451915618E-01   0.975255806E+00   0.187296257E+00   0.143102004E+02
   0.889988801E-01   0.454333902E-01   0.104539839E+01   0.200214315E+00   0.180341616E+02
   0.889175656E-01   0.458634286E-01   0.893397758E+00   0.172936996E+00   0.537720821E+01
   0.887729656E-01   0.466281571E-01   0.110123389E+01   0.210968247E+00   0.143607674E+02
   0.885158264E-01   0.479880581E-01   0.115666448E+01   0.221211512E+00   0.782907404E-02
   0.880585610E-01   0.504063419E-01   0.115187924E+01   0.219478682E+00   0.448830969E-04
   0.872454155E-01   0.547067263E-01   0.114336577E+01   0.216019995E+00   0.263199559E-04
   0.857994156E-01   0.623540114E-01   0.112892898E+01   0.209002735E+00   0.183641525E-04
   0.832280237E-01   0.759530209E-01   0.110718500E+01   0.195036631E+00   0.148774158E-04
   0.325071708E+00   0.598882494E-01   0.308207512E+00  -0.415192646E-02   0.443361511E+01
   0.325071792E+00   0.598960318E-01   0.323294417E+00  -0.436340601E-02   0.460891075E+01
   0.325071942E+00   0.599098709E-01   0.402537224E+00  -0.509122846E-02   0.520967269E+01
   0.325072209E+00   0.599344808E-01   0.472931537E+00  -0.568856005E-02   0.670257005E+01
   0.325072682E+00   0.599782441E-01   0.476912976E+00  -0.557385146E-02   0.894972035E+01
   0.325073524E+00   0.600560675E-01   0.605317098E+00  -0.664264966E-02   0.157669044E+02
   0.325075022E+00   0.601944593E-01   0.691029751E+00  -0.739856982E-02   0.287764895E+02
   0.325077685E+00   0.604405584E-01   0.766622384E+00  -0.803706049E-02   0.495363019E+02
   0.325082421E+00   0.608781915E-01   0.844523951E+00  -0.859458367E-02   0.773736816E+02
   0.325090843E+00   0.616564253E-01   0.934779967E+00  -0.901348293E-02   0.102426851E+03
   0.325105819E+00   0.630403425E-01   0.104825010E+01  -0.904889689E-02   0.901420311E+02
   0.325132451E+00   0.655013340E-01   0.114748151E+01  -0.825052109E-02   0.386005169E+01
   0.325179810E+00   0.698776645E-01   0.114595434E+01  -0.725917302E-02   0.324548383E-03
   0.325264028E+00   0.776600029E-01   0.114232875E+01  -0.553715365E-02   0.699099900E-04
   0.325413790E+00   0.914991751E-01   0.113596814E+01  -0.277930435E-02   0.522059072E-04
   0.624904159E+00   0.435469831E-01   0.315982653E+00  -0.274674460E-01   0.307237347E+02
   0.624904827E+00   0.435547371E-01   0.322779783E+00  -0.280611521E-01   0.310198049E+02
   0.624906016E+00   0.435685260E-01   0.397933471E+00  -0.344555459E-01   0.316954574E+02
   0.624908129E+00   0.435930464E-01   0.470741296E+00  -0.406555214E-01   0.331689084E+02
   0.624911887E+00   0.436366506E-01   0.527780036E+00  -0.455115544E-01   0.360396979E+02
   0.624918571E+00   0.437141911E-01   0.577982043E+00  -0.497529872E-01   0.417422146E+02
   0.624930455E+00   0.438520796E-01   0.631568761E+00  -0.542748932E-01   0.544483904E+02
   0.624951590E+00   0.440972841E-01   0.674538508E+00  -0.578821579E-01   0.731548959E+02
   0.624989173E+00   0.445333261E-01   0.660137598E+00  -0.566716035E-01   0.757087953E+02
   0.625056006E+00   0.453087306E-01   0.757923269E+00  -0.647282866E-01   0.126682474E+03
   0.625174854E+00   0.466876165E-01   0.842063860E+00  -0.713098029E-01   0.177617986E+03
   0.625386199E+00   0.491396609E-01   0.945925550E+00  -0.788798432E-01   0.180531505E+03
   0.625762030E+00   0.535000809E-01   0.106121245E+01  -0.861440638E-01   0.297013093E+02
   0.626430362E+00   0.612541260E-01   0.106810924E+01  -0.847190627E-01   0.186477530E-02
   0.627618844E+00   0.750429849E-01   0.106600410E+01  -0.811693669E-01   0.570081626E-04
   0.883134812E+00   0.165667663E-01   0.280421416E+00  -0.341801270E-01   0.297383429E+02
   0.883135755E+00   0.165744917E-01   0.283724888E+00  -0.345844504E-01   0.300712685E+02
   0.883137432E+00   0.165882297E-01   0.339901947E+00  -0.413990806E-01   0.307591578E+02
   0.883140415E+00   0.166126596E-01   0.379331404E+00  -0.461479755E-01   0.321316515E+02
   0.883145719E+00   0.166561029E-01   0.447303579E+00  -0.543874014E-01   0.354495316E+02
   0.883155152E+00   0.167333571E-01   0.486188891E+00  -0.590600105E-01   0.418795333E+02
   0.883171925E+00   0.168707368E-01   0.526662386E+00  -0.639114572E-01   0.541304663E+02
   0.883201753E+00   0.171150362E-01   0.558519401E+00  -0.676423727E-01   0.731329543E+02
   0.883254794E+00   0.175494688E-01   0.549946884E+00  -0.665787361E-01   0.787596934E+02
   0.883349118E+00   0.183220113E-01   0.631245421E+00  -0.759364037E-01   0.136356251E+03
   0.883516851E+00   0.196958078E-01   0.700097819E+00  -0.833007108E-01   0.209112987E+03
   0.883815127E+00   0.221388018E-01   0.783507494E+00  -0.915391146E-01   0.271843641E+03
   0.884345545E+00   0.264831278E-01   0.895334783E+00  -0.101488288E+00   0.226036804E+03
   0.885288776E+00   0.342085533E-01   0.986312634E+00  -0.107100487E+00   0.633877592E+01
   0.886966106E+00   0.479465182E-01   0.986368145E+00  -0.101043948E+00   0.207917034E-03
   0.100893070E+01   0.997530000E-05   0.114594211E+00  -0.345613092E-03   0.160266910E+02
   0.100893125E+01   0.177389000E-04   0.114774338E+00  -0.596138796E-03   0.160590142E+02
   0.100893222E+01   0.315446000E-04   0.115187546E+00  -0.101644878E-02   0.161637019E+02
   0.100893395E+01   0.560952000E-04   0.116408297E+00  -0.163899135E-02   0.165386489E+02
   0.100893703E+01   0.997529000E-04   0.148645383E+00  -0.699802899E-02   0.180298964E+02
   0.100894249E+01   0.177388500E-03   0.187207061E+00  -0.128789225E-01   0.223706101E+02
   0.100895222E+01   0.315446300E-03   0.224921008E+00  -0.179115058E-01   0.285374722E+02
   0.100896951E+01   0.560951700E-03   0.290650858E+00  -0.246723752E-01   0.418594852E+02
   0.100900026E+01   0.997528900E-03   0.347780322E+00  -0.287416902E-01   0.745145408E+02
   0.100905494E+01   0.177388510E-02   0.409163265E+00  -0.331681185E-01   0.115664035E+03
   0.100915217E+01   0.315446340E-02   0.485213853E+00  -0.383633028E-01   0.173549790E+03
   0.100932509E+01   0.560951730E-02   0.580696172E+00  -0.439702845E-01   0.245117575E+03
   0.100963257E+01   0.997528900E-02   0.706052503E+00  -0.505260015E-01   0.274734889E+03
   0.101017937E+01   0.177388511E-01   0.870564103E+00  -0.585047884E-01   0.133347533E+03
   0.101115173E+01   0.315446337E-01   0.921481274E+00  -0.583977135E-01   0.616834835E+00
