 hih1=   1.333 Number of points =  165
   0.966728435E+00  -0.584443850E-02   0.186700768E+00   0.251086868E-01   0.335210732E+01
   0.966729474E+00  -0.585215160E-02   0.202772011E+00   0.272646619E-01   0.382099590E+01
   0.966731322E+00  -0.586586760E-02   0.246465610E+00   0.331352789E-01   0.453903600E+01
   0.966734608E+00  -0.589025860E-02   0.287510489E+00   0.386344901E-01   0.623222445E+01
   0.966740452E+00  -0.593363260E-02   0.337617870E+00   0.453270422E-01   0.976675022E+01
   0.966750843E+00  -0.601076380E-02   0.314943010E+00   0.422477479E-01   0.126172682E+02
   0.966769322E+00  -0.614792440E-02   0.399789583E+00   0.534785335E-01   0.254276167E+02
   0.966802182E+00  -0.639183440E-02   0.449331014E+00   0.597654427E-01   0.500610211E+02
   0.966860617E+00  -0.682557450E-02   0.495762181E+00   0.652894147E-01   0.896674809E+02
   0.966964531E+00  -0.759688550E-02   0.547360663E+00   0.709023205E-01   0.146461755E+03
   0.967149319E+00  -0.896849210E-02   0.609883085E+00   0.769298769E-01   0.223173014E+03
   0.967477924E+00  -0.114075918E-01   0.688974652E+00   0.833400039E-01   0.301801301E+03
   0.968062275E+00  -0.157449926E-01   0.797496160E+00   0.905472111E-01   0.298846615E+03
   0.969101414E+00  -0.234581031E-01   0.929704893E+00   0.963952467E-01   0.492280699E+02
   0.970949294E+00  -0.371741687E-01   0.941897526E+00   0.872511319E-01   0.504429958E-03
   0.765671056E+00  -0.299652641E-01   0.262907120E+00   0.279432488E-01   0.727250862E+01
   0.765671878E+00  -0.299730034E-01   0.296233142E+00   0.314734234E-01   0.769246514E+01
   0.765673339E+00  -0.299867660E-01   0.342829768E+00   0.364105302E-01   0.847726554E+01
   0.765675938E+00  -0.300112397E-01   0.404926776E+00   0.429866809E-01   0.101819526E+02
   0.765680560E+00  -0.300547608E-01   0.461539683E+00   0.489754053E-01   0.138657332E+02
   0.765688779E+00  -0.301321536E-01   0.509566722E+00   0.540454858E-01   0.210911444E+02
   0.765703394E+00  -0.302697796E-01   0.503246765E+00   0.533686864E-01   0.253818730E+02
   0.765729384E+00  -0.305145170E-01   0.582823866E+00   0.617213513E-01   0.485075657E+02
   0.765775602E+00  -0.309497285E-01   0.642450576E+00   0.678760171E-01   0.868009798E+02
   0.765857790E+00  -0.317236561E-01   0.703106501E+00   0.739743142E-01   0.141601706E+03
   0.766003943E+00  -0.330999157E-01   0.773544601E+00   0.807799299E-01   0.206542985E+03
   0.766263843E+00  -0.355472899E-01   0.861777905E+00   0.887999062E-01   0.246996788E+03
   0.766726019E+00  -0.398994049E-01   0.976693306E+00   0.982942476E-01   0.165371525E+03
   0.767547896E+00  -0.476386814E-01   0.102879195E+01   0.100587142E+00   0.105205627E-02
   0.769009425E+00  -0.614012775E-01   0.102764141E+01   0.964412712E-01   0.763049216E-03
   0.473497570E+00  -0.545438538E-01   0.287343945E+00   0.164926849E-01   0.443078748E+01
   0.473498013E+00  -0.545516239E-01   0.332923710E+00   0.190745582E-01   0.485813255E+01
   0.473498802E+00  -0.545654414E-01   0.388464639E+00   0.222192425E-01   0.575529062E+01
   0.473500204E+00  -0.545900128E-01   0.463171248E+00   0.264485244E-01   0.763994577E+01
   0.473502697E+00  -0.546337076E-01   0.531455095E+00   0.303109542E-01   0.116970646E+02
   0.473507131E+00  -0.547114091E-01   0.503925114E+00   0.287661750E-01   0.139647899E+02
   0.473515015E+00  -0.548495842E-01   0.619389852E+00   0.352725878E-01   0.272247777E+02
   0.473529036E+00  -0.550952980E-01   0.692649296E+00   0.393490480E-01   0.501432501E+02
   0.473553969E+00  -0.555322459E-01   0.762411434E+00   0.431378692E-01   0.844119072E+02
   0.473598308E+00  -0.563092613E-01   0.838803220E+00   0.471104308E-01   0.125639228E+03
   0.473677153E+00  -0.576910119E-01   0.930732612E+00   0.515465509E-01   0.155567967E+03
   0.473817363E+00  -0.601481504E-01   0.104655278E+01   0.564420883E-01   0.111948392E+03
   0.474066694E+00  -0.645176292E-01   0.110844274E+01   0.579749490E-01   0.135654651E-02
   0.474510076E+00  -0.722877835E-01   0.110650252E+01   0.559938152E-01   0.937425692E-03
   0.475298532E+00  -0.861052888E-01   0.110308415E+01   0.526223179E-01   0.694941126E-03
   0.192978671E+00  -0.569616902E-01   0.380193012E+00  -0.242777052E-01   0.436577264E+01
   0.192978181E+00  -0.569694576E-01   0.427244805E+00  -0.272085274E-01   0.485605919E+01
   0.192977310E+00  -0.569832701E-01   0.493819985E+00  -0.313517927E-01   0.587819231E+01
   0.192975762E+00  -0.570078327E-01   0.570180548E+00  -0.361184735E-01   0.792905129E+01
   0.192973008E+00  -0.570515119E-01   0.647645163E+00  -0.409751450E-01   0.124072456E+02
   0.192968111E+00  -0.571291856E-01   0.640497205E+00  -0.406165052E-01   0.145739935E+02
   0.192959403E+00  -0.572673112E-01   0.756889317E+00  -0.479703589E-01   0.273100036E+02
   0.192943918E+00  -0.575129371E-01   0.848048410E+00  -0.538810665E-01   0.450690812E+02
   0.192916381E+00  -0.579497287E-01   0.944311667E+00  -0.603447700E-01   0.625491847E+02
   0.192867413E+00  -0.587264660E-01   0.105827564E+01  -0.684222932E-01   0.619033143E+02
   0.192780334E+00  -0.601077221E-01   0.117258912E+01  -0.772062673E-01   0.308969299E+01
   0.192625482E+00  -0.625639813E-01   0.117201732E+01  -0.775560282E-01   0.954842334E-03
   0.192350113E+00  -0.669318966E-01   0.116809481E+01  -0.778741315E-01   0.616439438E-03
   0.191860430E+00  -0.746992703E-01   0.116126507E+01  -0.781950397E-01   0.420123340E-03
   0.190989636E+00  -0.885118310E-01   0.114969680E+01  -0.780712849E-01   0.316778379E-03
   0.227838417E-01  -0.250702561E-01   0.607516800E+00  -0.309137168E+00   0.383100457E+00
   0.227803329E-01  -0.250772031E-01   0.623305907E+00  -0.316751180E+00   0.495301689E+00
   0.227740934E-01  -0.250895568E-01   0.687486887E+00  -0.348927330E+00   0.851807311E+00
   0.227629978E-01  -0.251115251E-01   0.747028169E+00  -0.378286421E+00   0.172302787E+01
   0.227432667E-01  -0.251505908E-01   0.813088225E+00  -0.411156591E+00   0.287591922E+01
   0.227081793E-01  -0.252200607E-01   0.880944782E+00  -0.444891451E+00   0.348064488E+01
   0.226457840E-01  -0.253435975E-01   0.961864358E+00  -0.485499262E+00   0.958755592E+00
   0.225348279E-01  -0.255632805E-01   0.906572582E+00  -0.457582596E+00   0.280547910E+01
   0.223375169E-01  -0.259539383E-01   0.971121626E+00  -0.488026787E+00   0.231082173E-03
   0.219866427E-01  -0.266486369E-01   0.966188965E+00  -0.481036393E+00   0.165985695E-03
   0.213626905E-01  -0.278840051E-01   0.958331141E+00  -0.468845940E+00   0.101465824E-03
   0.202531290E-01  -0.300808351E-01   0.946534826E+00  -0.447254480E+00   0.628864599E-04
   0.182800187E-01  -0.339874125E-01   0.931751741E+00  -0.410962086E+00   0.457557591E-04
   0.147712773E-01  -0.409343987E-01   0.919028389E+00  -0.355151560E+00   0.401991219E-04
   0.853175460E-02  -0.532880813E-01   0.917386195E+00  -0.281931257E+00   0.449891041E-04
  -0.100000000E-04   0.000000000E+00   0.669715993E-03   0.650949000E-06   0.205035966E-05
  -0.177828000E-04   0.000000000E+00   0.108217593E-02   0.847788431E-06   0.464740602E-05
  -0.316228000E-04   0.000000000E+00   0.195060042E-02   0.110674074E-05   0.134355773E-04
  -0.562341000E-04   0.000000000E+00   0.374257329E-02   0.135821768E-05   0.429935263E-04
  -0.100000000E-03   0.000000000E+00   0.721191093E-02   0.146648002E-05   0.788349761E-04
  -0.177827900E-03   0.000000000E+00   0.134264130E-01   0.146474264E-05   0.692411806E-04
  -0.316227800E-03   0.000000000E+00   0.242624938E-01   0.145104057E-05   0.531049461E-04
  -0.562341300E-03   0.000000000E+00   0.428600476E-01   0.143429938E-05   0.518651245E-04
  -0.100000000E-02   0.000000000E+00   0.739778414E-01   0.141418550E-05   0.323767163E-04
  -0.177827940E-02   0.000000000E+00   0.123905098E+00   0.139301317E-05   0.204138594E-04
  -0.316227770E-02   0.000000000E+00   0.198970400E+00   0.136554268E-05   0.145070720E-04
  -0.562341330E-02   0.000000000E+00   0.301787147E+00   0.130578608E-05   0.122573488E-04
  -0.100000000E-01   0.000000000E+00   0.426872475E+00   0.118271457E-05   0.127795091E-04
  -0.177827941E-01   0.000000000E+00   0.560149905E+00   0.950372187E-06   0.166323765E-04
  -0.316227766E-01   0.000000000E+00   0.685056266E+00   0.648321391E-06   0.265918165E-04
   0.891015021E-01   0.448906659E-01   0.491312093E+00   0.937535367E-01   0.948761663E+01
   0.891000561E-01   0.448983132E-01   0.547808023E+00   0.104305449E+00   0.989119102E+01
   0.890974847E-01   0.449119122E-01   0.615038896E+00   0.116903281E+00   0.107225610E+02
   0.890929120E-01   0.449360950E-01   0.687021134E+00   0.130406745E+00   0.123834222E+02
   0.890847806E-01   0.449790989E-01   0.757421480E+00   0.143664060E+00   0.156869744E+02
   0.890703206E-01   0.450555717E-01   0.826676928E+00   0.156786128E+00   0.208938195E+02
   0.890446066E-01   0.451915618E-01   0.787352345E+00   0.149712233E+00   0.178007612E+02
   0.889988801E-01   0.454333902E-01   0.947898744E+00   0.180291204E+00   0.269413474E+02
   0.889175656E-01   0.458634286E-01   0.108050371E+01   0.206221072E+00   0.206577240E+02
   0.887729656E-01   0.466281571E-01   0.116032756E+01   0.221976452E+00   0.160689706E+00
   0.885158264E-01   0.479880581E-01   0.115735145E+01   0.221040702E+00   0.550782212E-03
   0.880585610E-01   0.504063419E-01   0.115222053E+01   0.219283134E+00   0.352653584E-03
   0.872454155E-01   0.547067263E-01   0.114347867E+01   0.215860974E+00   0.227025388E-03
   0.857994156E-01   0.623540114E-01   0.112913788E+01   0.209006751E+00   0.161499282E-03
   0.832280237E-01   0.759530209E-01   0.110746746E+01   0.195291195E+00   0.131815951E-03
   0.325071708E+00   0.598882494E-01   0.176754467E+00  -0.200740115E-02   0.348376175E+00
   0.325071792E+00   0.598960318E-01   0.317838617E+00  -0.365628156E-02   0.105199551E+01
   0.325071942E+00   0.599098709E-01   0.274011872E+00  -0.307258994E-02   0.112331479E+01
   0.325072209E+00   0.599344808E-01   0.411254545E+00  -0.449801276E-02   0.259217277E+01
   0.325072682E+00   0.599782441E-01   0.526944698E+00  -0.570006031E-02   0.639821015E+01
   0.325073524E+00   0.600560675E-01   0.615515229E+00  -0.661240814E-02   0.144590321E+02
   0.325075022E+00   0.601944593E-01   0.691147971E+00  -0.736272039E-02   0.283121347E+02
   0.325077685E+00   0.604405584E-01   0.764876389E+00  -0.803318340E-02   0.498657782E+02
   0.325082421E+00   0.608781915E-01   0.843016506E+00  -0.862219801E-02   0.784806111E+02
   0.325090843E+00   0.616564253E-01   0.933369581E+00  -0.906124120E-02   0.104902811E+03
   0.325105819E+00   0.630403425E-01   0.104465476E+01  -0.910681752E-02   0.990509146E+02
   0.325132451E+00   0.655013340E-01   0.114766165E+01  -0.831868415E-02   0.199389924E+00
   0.325179810E+00   0.698776645E-01   0.114563690E+01  -0.729130038E-02   0.118559618E-02
   0.325264028E+00   0.776600029E-01   0.114206722E+01  -0.556371435E-02   0.793064407E-03
   0.325413790E+00   0.914991751E-01   0.113584781E+01  -0.279578152E-02   0.579085058E-03
   0.624904159E+00   0.435469831E-01   0.285179304E+00  -0.246317478E-01   0.685548277E+01
   0.624904827E+00   0.435547371E-01   0.322526598E+00  -0.278383740E-01   0.729164992E+01
   0.624906016E+00   0.435685260E-01   0.373876356E+00  -0.322494194E-01   0.811361222E+01
   0.624908129E+00   0.435930464E-01   0.437648439E+00  -0.377221160E-01   0.993504983E+01
   0.624911887E+00   0.436366506E-01   0.499209375E+00  -0.430027034E-01   0.137676252E+02
   0.624918571E+00   0.437141911E-01   0.551244414E+00  -0.474583499E-01   0.211900785E+02
   0.624930455E+00   0.438520796E-01   0.554299485E+00  -0.477160339E-01   0.261091848E+02
   0.624951590E+00   0.440972841E-01   0.633698061E+00  -0.544688546E-01   0.493225946E+02
   0.624989173E+00   0.445333261E-01   0.698100638E+00  -0.598573059E-01   0.862327616E+02
   0.625056006E+00   0.453087306E-01   0.765363940E+00  -0.653352403E-01   0.136104519E+03
   0.625174854E+00   0.466876165E-01   0.844441228E+00  -0.714988646E-01   0.188259248E+03
   0.625386199E+00   0.491396609E-01   0.945055120E+00  -0.788008845E-01   0.193958387E+03
   0.625762030E+00   0.535000809E-01   0.106373728E+01  -0.863289433E-01   0.254803624E+02
   0.626430362E+00   0.612541260E-01   0.106778387E+01  -0.846550673E-01   0.993516479E-03
   0.627618844E+00   0.750429849E-01   0.106581578E+01  -0.811187556E-01   0.728918829E-03
   0.883134812E+00   0.165667663E-01   0.236039443E+00  -0.288175535E-01   0.594711905E+01
   0.883135755E+00   0.165744917E-01   0.264989523E+00  -0.323443203E-01   0.636365496E+01
   0.883137432E+00   0.165882297E-01   0.308863052E+00  -0.376871810E-01   0.725310329E+01
   0.883140415E+00   0.166126596E-01   0.359705444E+00  -0.438775044E-01   0.885500558E+01
   0.883145719E+00   0.166561029E-01   0.413033229E+00  -0.503593867E-01   0.124423941E+02
   0.883155152E+00   0.167333571E-01   0.255565682E+00  -0.311660586E-01   0.142396523E+02
   0.883171925E+00   0.168707368E-01   0.461655156E+00  -0.562254904E-01   0.249813778E+02
   0.883201753E+00   0.171150362E-01   0.528490489E+00  -0.642323042E-01   0.485001939E+02
   0.883254794E+00   0.175494688E-01   0.581931864E+00  -0.704676109E-01   0.877648591E+02
   0.883349118E+00   0.183220113E-01   0.637324661E+00  -0.766827619E-01   0.145055873E+03
   0.883516851E+00   0.196958078E-01   0.702099882E+00  -0.835627034E-01   0.217613880E+03
   0.883815127E+00   0.221388018E-01   0.783245805E+00  -0.915380123E-01   0.286091452E+03
   0.884345545E+00   0.264831278E-01   0.892585565E+00  -0.101225876E+00   0.255475443E+03
   0.885288776E+00   0.342085533E-01   0.986113092E+00  -0.107072015E+00   0.729920826E-01
   0.886966106E+00   0.479465182E-01   0.986211417E+00  -0.101009467E+00   0.805432515E-03
   0.100893070E+01   0.997530000E-05   0.649163629E-01  -0.870753851E-03   0.368207079E+01
   0.100893125E+01   0.177389000E-04   0.658822882E-01  -0.147528345E-02   0.372879603E+01
   0.100893222E+01   0.315446000E-04   0.790702653E-01  -0.441221093E-02   0.393010270E+01
   0.100893395E+01   0.560952000E-04   0.894591014E-01  -0.649757380E-02   0.449626363E+01
   0.100893703E+01   0.997529000E-04   0.146125995E+00  -0.147372676E-01   0.585302367E+01
   0.100894249E+01   0.177388500E-03   0.203857520E+00  -0.205151525E-01   0.102909334E+02
   0.100895222E+01   0.315446300E-03   0.251276175E+00  -0.241989688E-01   0.227376635E+02
   0.100896951E+01   0.560951700E-03   0.298329311E+00  -0.273088461E-01   0.414891785E+02
   0.100900026E+01   0.997528900E-03   0.350733567E+00  -0.304161571E-01   0.697394229E+02
   0.100905494E+01   0.177388510E-02   0.412930675E+00  -0.339774863E-01   0.113427038E+03
   0.100915217E+01   0.315446340E-02   0.488519775E+00  -0.382905931E-01   0.177875640E+03
   0.100932509E+01   0.560951730E-02   0.582932812E+00  -0.436915680E-01   0.254858056E+03
   0.100963257E+01   0.997528900E-02   0.706603304E+00  -0.504590760E-01   0.294708236E+03
   0.101017937E+01   0.177388511E-01   0.864403523E+00  -0.580862898E-01   0.182334631E+03
   0.101115173E+01   0.315446337E-01   0.921344369E+00  -0.583369724E-01   0.833567579E-03
