 hih1=   5.818 Number of points =  130
   0.100000000E+00   0.100000000E-04   0.155584108E+00   0.123644588E-05   0.302039080E-01
   0.100000000E+00   0.177828000E-04   0.258511814E+00   0.371002776E-05   0.311370174E+00
   0.100000000E+00   0.316228000E-04   0.386807834E+00   0.101651961E-04   0.144506512E+01
   0.100000000E+00   0.562341000E-04   0.495151632E+00   0.228936494E-04   0.449591711E+01
   0.100000000E+00   0.100000000E-03   0.585704999E+00   0.472919345E-04   0.105208624E+02
   0.100000000E+00   0.177827900E-03   0.659572312E+00   0.973875690E-04   0.209195624E+02
   0.100000000E+00   0.316227800E-03   0.732334001E+00   0.200947936E-03   0.363214330E+02
   0.100000000E+00   0.562341300E-03   0.810074957E+00   0.434408539E-03   0.501572806E+02
   0.100000000E+00   0.100000000E-02   0.909522176E+00   0.105915559E-02   0.414554680E+02
   0.100000000E+00   0.177827940E-02   0.993664286E+00   0.202191470E-02   0.107994689E+02
   0.100000000E+00   0.316227770E-02   0.100028957E+01   0.206204722E-02   0.342865348E+00
   0.100000000E+00   0.562341330E-02   0.100029447E+01   0.205019175E-02   0.667475178E-02
   0.100000000E+00   0.100000000E-01   0.100027824E+01   0.202812579E-02   0.644108261E-02
   0.200000000E+00   0.100000000E-04   0.139976862E+00   0.523589602E-06   0.233373011E-01
   0.200000000E+00   0.177828000E-04   0.234532815E+00   0.159225277E-05   0.260654527E+00
   0.200000000E+00   0.316228000E-04   0.356041627E+00   0.444164998E-05   0.126741404E+01
   0.200000000E+00   0.562341000E-04   0.460666137E+00   0.101140460E-04   0.414190889E+01
   0.200000000E+00   0.100000000E-03   0.547202126E+00   0.208397134E-04   0.997623815E+01
   0.200000000E+00   0.177827900E-03   0.616326849E+00   0.423343256E-04   0.206248894E+02
   0.200000000E+00   0.316227800E-03   0.682228004E+00   0.849927364E-04   0.385988671E+02
   0.200000000E+00   0.562341300E-03   0.747238515E+00   0.171986629E-03   0.652983132E+02
   0.200000000E+00   0.100000000E-02   0.816917133E+00   0.362475955E-03   0.909756945E+02
   0.200000000E+00   0.177827940E-02   0.905985686E+00   0.866277297E-03   0.769544150E+02
   0.200000000E+00   0.316227770E-02   0.990997041E+00   0.175016514E-02   0.221310590E+02
   0.200000000E+00   0.562341330E-02   0.100056265E+01   0.181837098E-02   0.512991402E+00
   0.200000000E+00   0.100000000E-01   0.100057249E+01   0.181165506E-02   0.650966987E-02
   0.300000000E+00   0.100000000E-04   0.131838461E+00   0.318738306E-06   0.201196012E-01
   0.300000000E+00   0.177828000E-04   0.221913267E+00   0.977674570E-06   0.234660375E+00
   0.300000000E+00   0.316228000E-04   0.339627207E+00   0.275876865E-05   0.117301523E+01
   0.300000000E+00   0.562341000E-04   0.442277161E+00   0.633714026E-05   0.394018424E+01
   0.300000000E+00   0.100000000E-03   0.526847689E+00   0.130779251E-04   0.962551957E+01
   0.300000000E+00   0.177827900E-03   0.593850611E+00   0.264948824E-04   0.201727967E+02
   0.300000000E+00   0.316227800E-03   0.657081545E+00   0.527692747E-04   0.385874618E+02
   0.300000000E+00   0.562341300E-03   0.718199642E+00   0.104999842E-03   0.683235066E+02
   0.300000000E+00   0.100000000E-02   0.780502238E+00   0.212523456E-03   0.108642248E+03
   0.300000000E+00   0.177827940E-02   0.851296872E+00   0.460857486E-03   0.129205961E+03
   0.300000000E+00   0.316227770E-02   0.947542654E+00   0.117594318E-02   0.832882280E+02
   0.300000000E+00   0.562341330E-02   0.999032246E+00   0.169838286E-02   0.105141877E+02
   0.300000000E+00   0.100000000E-01   0.100067986E+01   0.169657649E-02   0.367974519E-01
   0.400000000E+00   0.100000000E-04   0.126469597E+00   0.222992145E-06   0.181361902E-01
   0.400000000E+00   0.177828000E-04   0.213537357E+00   0.688026195E-06   0.217793169E+00
   0.400000000E+00   0.316228000E-04   0.328626056E+00   0.195699857E-05   0.111059376E+01
   0.400000000E+00   0.562341000E-04   0.429926891E+00   0.452418720E-05   0.380262660E+01
   0.400000000E+00   0.100000000E-03   0.513211851E+00   0.935047661E-05   0.937656221E+01
   0.400000000E+00   0.177827900E-03   0.578879794E+00   0.189232218E-04   0.198005452E+02
   0.400000000E+00   0.316227800E-03   0.640530559E+00   0.375612822E-04   0.382830059E+02
   0.400000000E+00   0.562341300E-03   0.699556654E+00   0.741949477E-04   0.691956898E+02
   0.400000000E+00   0.100000000E-02   0.758525124E+00   0.148080188E-03   0.115334796E+03
   0.400000000E+00   0.177827940E-02   0.821581645E+00   0.308291757E-03   0.160814759E+03
   0.400000000E+00   0.316227770E-02   0.902810007E+00   0.713816754E-03   0.142025527E+03
   0.400000000E+00   0.562341330E-02   0.988186500E+00   0.152722310E-02   0.445217169E+02
   0.400000000E+00   0.100000000E-01   0.100070844E+01   0.161813960E-02   0.774911865E+00
   0.500000000E+00   0.100000000E-04   0.122507166E+00   0.166694202E-06   0.167442298E-01
   0.500000000E+00   0.177828000E-04   0.207327267E+00   0.516851766E-06   0.205521997E+00
   0.500000000E+00   0.316228000E-04   0.320408177E+00   0.147978629E-05   0.106457744E+01
   0.500000000E+00   0.562341000E-04   0.420680648E+00   0.344038403E-05   0.369913507E+01
   0.500000000E+00   0.100000000E-03   0.503015355E+00   0.712507783E-05   0.918499579E+01
   0.500000000E+00   0.177827900E-03   0.567719852E+00   0.144260227E-04   0.194943931E+02
   0.500000000E+00   0.316227800E-03   0.628270387E+00   0.286094331E-04   0.379359585E+02
   0.500000000E+00   0.562341300E-03   0.685923383E+00   0.563214693E-04   0.693778813E+02
   0.500000000E+00   0.100000000E-02   0.742879181E+00   0.111459482E-03   0.118635241E+03
   0.500000000E+00   0.177827940E-02   0.802001108E+00   0.227033837E-03   0.179439504E+03
   0.500000000E+00   0.316227770E-02   0.873425485E+00   0.504160186E-03   0.191956623E+03
   0.500000000E+00   0.562341330E-02   0.966923518E+00   0.126850784E-02   0.951325286E+02
   0.500000000E+00   0.100000000E-01   0.100042821E+01   0.156184936E-02   0.600303848E+01
   0.600000000E+00   0.100000000E-04   0.119406115E+00   0.134810997E-06   0.156968992E-01
   0.600000000E+00   0.177828000E-04   0.202449655E+00   0.419583313E-06   0.196029974E+00
   0.600000000E+00   0.316228000E-04   0.313915388E+00   0.120744954E-05   0.102859308E+01
   0.600000000E+00   0.562341000E-04   0.413362793E+00   0.281951681E-05   0.361679394E+01
   0.600000000E+00   0.100000000E-03   0.494953737E+00   0.584727939E-05   0.902987186E+01
   0.600000000E+00   0.177827900E-03   0.558915628E+00   0.118361303E-04   0.192350519E+02
   0.600000000E+00   0.316227800E-03   0.618635544E+00   0.234377105E-04   0.375924424E+02
   0.600000000E+00   0.562341300E-03   0.675285545E+00   0.459832517E-04   0.692634966E+02
   0.600000000E+00   0.100000000E-02   0.730838767E+00   0.904148876E-04   0.120324949E+03
   0.600000000E+00   0.177827940E-02   0.787525281E+00   0.181412805E-03   0.189476358E+03
   0.600000000E+00   0.316227770E-02   0.852698402E+00   0.386696530E-03   0.231315851E+03
   0.600000000E+00   0.562341330E-02   0.941750126E+00   0.968313913E-03   0.155885444E+03
   0.600000000E+00   0.100000000E-01   0.998650854E+00   0.151148608E-02   0.202281711E+02
   0.700000000E+00   0.100000000E-04   0.116898523E+00   0.108343343E-06   0.148776143E-01
   0.700000000E+00   0.177828000E-04   0.198493311E+00   0.338222600E-06   0.188440827E+00
   0.700000000E+00   0.316228000E-04   0.308621341E+00   0.977383619E-06   0.999597800E+00
   0.700000000E+00   0.562341000E-04   0.407382263E+00   0.229080845E-05   0.354976591E+01
   0.700000000E+00   0.100000000E-03   0.488364154E+00   0.475734187E-05   0.890267147E+01
   0.700000000E+00   0.177827900E-03   0.551723887E+00   0.963321746E-05   0.190194509E+02
   0.700000000E+00   0.316227800E-03   0.610780191E+00   0.190726104E-04   0.372922275E+02
   0.700000000E+00   0.562341300E-03   0.666653136E+00   0.373889936E-04   0.690794498E+02
   0.700000000E+00   0.100000000E-02   0.721175696E+00   0.733468931E-04   0.121321197E+03
   0.700000000E+00   0.177827940E-02   0.776206836E+00   0.146343735E-03   0.196158538E+03
   0.700000000E+00   0.316227770E-02   0.837447343E+00   0.306375096E-03   0.260941028E+03
   0.700000000E+00   0.562341330E-02   0.918497567E+00   0.737766045E-03   0.210103087E+03
   0.700000000E+00   0.100000000E-01   0.993779660E+00   0.142922586E-02   0.463812826E+02
   0.800000000E+00   0.100000000E-04   0.114823819E+00   0.911097352E-07   0.142171921E-01
   0.800000000E+00   0.177828000E-04   0.195211731E+00   0.285052663E-06   0.182208444E+00
   0.800000000E+00   0.316228000E-04   0.304212432E+00   0.826388775E-06   0.975584986E+00
   0.800000000E+00   0.562341000E-04   0.402396498E+00   0.194243476E-05   0.349346753E+01
   0.800000000E+00   0.100000000E-03   0.482875719E+00   0.403728115E-05   0.879443334E+01
   0.800000000E+00   0.177827900E-03   0.545742399E+00   0.817257278E-05   0.188304945E+02
   0.800000000E+00   0.316227800E-03   0.604260346E+00   0.161636211E-04   0.370090268E+02
   0.800000000E+00   0.562341300E-03   0.659510207E+00   0.316205607E-04   0.688159483E+02
   0.800000000E+00   0.100000000E-02   0.713218943E+00   0.618156862E-04   0.121792368E+03
   0.800000000E+00   0.177827940E-02   0.766975083E+00   0.122573908E-03   0.200581879E+03
   0.800000000E+00   0.316227770E-02   0.825519113E+00   0.252585809E-03   0.283234637E+03
   0.800000000E+00   0.562341330E-02   0.899998686E+00   0.568367829E-03   0.260795456E+03
   0.800000000E+00   0.100000000E-01   0.985462330E+00   0.130968802E-02   0.863922844E+02
   0.900000000E+00   0.100000000E-04   0.113138687E+00   0.683075896E-07   0.136903435E-01
   0.900000000E+00   0.177828000E-04   0.192540035E+00   0.213870480E-06   0.177156694E+00
   0.900000000E+00   0.316228000E-04   0.300610104E+00   0.621049588E-06   0.955963574E+00
   0.900000000E+00   0.562341000E-04   0.398318828E+00   0.146201344E-05   0.344687835E+01
   0.900000000E+00   0.100000000E-03   0.478387481E+00   0.303982380E-05   0.870421386E+01
   0.900000000E+00   0.177827900E-03   0.540849824E+00   0.615661004E-05   0.186711600E+02
   0.900000000E+00   0.316227800E-03   0.598926375E+00   0.121984860E-04   0.367644199E+02
   0.900000000E+00   0.562341300E-03   0.653669357E+00   0.239453453E-04   0.685632657E+02
   0.900000000E+00   0.100000000E-02   0.706730351E+00   0.470495094E-04   0.122062662E+03
   0.900000000E+00   0.177827940E-02   0.759511087E+00   0.938610999E-04   0.203838458E+03
   0.900000000E+00   0.316227770E-02   0.816126319E+00   0.193752884E-03   0.300190896E+03
   0.900000000E+00   0.562341330E-02   0.885765976E+00   0.435582427E-03   0.305997044E+03
   0.900000000E+00   0.100000000E-01   0.974842281E+00   0.112906298E-02   0.129560768E+03
   0.100000000E+01   0.100000000E-04   0.172810491E+00  -0.335213199E-02   0.158754041E+00
   0.100000000E+01   0.177828000E-04   0.240765166E+00  -0.446481928E-02   0.498549050E+00
   0.100000000E+01   0.316228000E-04   0.332825071E+00  -0.564941116E-02   0.155926878E+01
   0.100000000E+01   0.562341000E-04   0.417532756E+00  -0.636521955E-02   0.411986416E+01
   0.100000000E+01   0.100000000E-03   0.490226736E+00  -0.653612812E-02   0.925151458E+01
   0.100000000E+01   0.177827900E-03   0.548497615E+00  -0.624514490E-02   0.191443022E+02
   0.100000000E+01   0.316227800E-03   0.603545445E+00  -0.559976028E-02   0.372947881E+02
   0.100000000E+01   0.562341300E-03   0.655829904E+00  -0.474487650E-02   0.691675380E+02
   0.100000000E+01   0.100000000E-02   0.706701014E+00  -0.384186536E-02   0.123129688E+03
   0.100000000E+01   0.177827940E-02   0.757387816E+00  -0.306096553E-02   0.207131290E+03
   0.100000000E+01   0.316227770E-02   0.811491537E+00  -0.238936915E-02   0.313390783E+03
   0.100000000E+01   0.562341330E-02   0.876424577E+00  -0.175299085E-02   0.345466360E+03
   0.100000000E+01   0.100000000E-01   0.964541024E+00  -0.879267406E-03   0.176597624E+03
