 hih1=   1.143 Number of points =  165
   0.951026782E+00  -0.173626279E+00   0.102384873E+00  -0.416546802E-02   0.584957463E-01
   0.951026466E+00  -0.173634056E+00   0.152725696E+00  -0.621265600E-02   0.124483314E+00
   0.951025904E+00  -0.173647884E+00   0.174595286E+00  -0.712721984E-02   0.812418483E+00
   0.951024904E+00  -0.173672475E+00   0.283637071E+00  -0.115594791E-01   0.198973912E+01
   0.951023127E+00  -0.173716205E+00   0.401591589E+00  -0.163647929E-01   0.540595177E+01
   0.951019967E+00  -0.173793969E+00   0.467391417E+00  -0.190761068E-01   0.134261195E+02
   0.951014347E+00  -0.173932255E+00   0.517215268E+00  -0.211758634E-01   0.259450745E+02
   0.951004353E+00  -0.174178165E+00   0.566176459E+00  -0.233076987E-01   0.457955805E+02
   0.950986580E+00  -0.174615463E+00   0.617570181E+00  -0.256605997E-01   0.766397742E+02
   0.950954976E+00  -0.175393100E+00   0.673975477E+00  -0.284380563E-01   0.119038600E+03
   0.950898775E+00  -0.176775957E+00   0.739145952E+00  -0.319671310E-01   0.165606395E+03
   0.950798834E+00  -0.179235062E+00   0.816706353E+00  -0.366943877E-01   0.190391784E+03
   0.950621111E+00  -0.183608039E+00   0.901440076E+00  -0.427867772E-01   0.127729858E+03
   0.950305071E+00  -0.191384414E+00   0.929163738E+00  -0.468356017E-01   0.102406752E-01
   0.949743061E+00  -0.205212981E+00   0.929531509E+00  -0.504305858E-01   0.100526913E-01
   0.748835379E+00  -0.162467408E+00   0.112020963E+00  -0.771560341E-02   0.695575443E+00
   0.748834844E+00  -0.162475172E+00   0.166754551E+00  -0.114822832E-01   0.808737719E+00
   0.748833894E+00  -0.162488980E+00   0.264015016E+00  -0.181777792E-01   0.102073557E+01
   0.748832204E+00  -0.162513533E+00   0.377928689E+00  -0.260218774E-01   0.229069129E+01
   0.748829198E+00  -0.162557196E+00   0.457737345E+00  -0.315190917E-01   0.687099291E+01
   0.748823853E+00  -0.162634840E+00   0.476461583E+00  -0.328291454E-01   0.133540460E+02
   0.748814348E+00  -0.162772913E+00   0.554392258E+00  -0.381983479E-01   0.264096726E+02
   0.748797445E+00  -0.163018445E+00   0.609946588E+00  -0.420461546E-01   0.457520023E+02
   0.748767388E+00  -0.163455070E+00   0.665925885E+00  -0.459512898E-01   0.739361940E+02
   0.748713937E+00  -0.164231512E+00   0.726865891E+00  -0.502558871E-01   0.109161082E+03
   0.748618887E+00  -0.165612243E+00   0.797080378E+00  -0.553242405E-01   0.140268988E+03
   0.748449861E+00  -0.168067567E+00   0.878036322E+00  -0.613840676E-01   0.134719685E+03
   0.748149287E+00  -0.172433820E+00   0.943226310E+00  -0.665024437E-01   0.229554085E+02
   0.747614781E+00  -0.180198238E+00   0.943781328E+00  -0.664062775E-01   0.101737255E-01
   0.746664280E+00  -0.194005543E+00   0.942296075E+00  -0.660249606E-01   0.100453248E-01
   0.456832637E+00  -0.135937200E+00   0.116416999E+00  -0.137529134E-01   0.139244111E+01
   0.456831724E+00  -0.135944929E+00   0.175117154E+00  -0.206812891E-01   0.147433541E+01
   0.456830101E+00  -0.135958674E+00   0.278878732E+00  -0.329327828E-01   0.166784607E+01
   0.456827215E+00  -0.135983115E+00   0.396458975E+00  -0.468185368E-01   0.298050821E+01
   0.456822083E+00  -0.136026579E+00   0.477183005E+00  -0.563511544E-01   0.760711194E+01
   0.456812957E+00  -0.136103870E+00   0.533137130E+00  -0.629616818E-01   0.156864868E+02
   0.456796729E+00  -0.136241315E+00   0.549749622E+00  -0.649668757E-01   0.233357414E+02
   0.456767869E+00  -0.136485731E+00   0.630365903E+00  -0.744883384E-01   0.408820068E+02
   0.456716549E+00  -0.136920370E+00   0.696166885E+00  -0.822987536E-01   0.616218421E+02
   0.456625288E+00  -0.137693281E+00   0.767088932E+00  -0.907829428E-01   0.801012882E+02
   0.456463000E+00  -0.139067731E+00   0.846645129E+00  -0.100423691E+00   0.787494846E+02
   0.456174407E+00  -0.141511888E+00   0.912404264E+00  -0.108424911E+00   0.188856391E+02
   0.455661208E+00  -0.145858281E+00   0.914605831E+00  -0.107940601E+00   0.103216204E-01
   0.454748597E+00  -0.153587384E+00   0.913579770E+00  -0.106408384E+00   0.101338859E-01
   0.453125719E+00  -0.167331888E+00   0.911253077E+00  -0.103557565E+00   0.100384457E-01
   0.180155597E+00  -0.896067086E-01   0.130480671E+00  -0.316153020E-01   0.191563748E+01
   0.180153767E+00  -0.896142730E-01   0.184640326E+00  -0.447170409E-01   0.197960759E+01
   0.180150510E+00  -0.896277245E-01   0.272531917E+00  -0.659774334E-01   0.217029430E+01
   0.180144720E+00  -0.896516450E-01   0.381450962E+00  -0.923322495E-01   0.316624633E+01
   0.180134424E+00  -0.896941824E-01   0.462370615E+00  -0.111899092E+00   0.668926183E+01
   0.180116113E+00  -0.897698258E-01   0.520476513E+00  -0.125937998E+00   0.125147200E+02
   0.180083552E+00  -0.899043408E-01   0.575388778E+00  -0.139195001E+00   0.190466564E+02
   0.180025650E+00  -0.901435462E-01   0.608064083E+00  -0.147146915E+00   0.198049115E+02
   0.179922683E+00  -0.905689202E-01   0.690927793E+00  -0.167059566E+00   0.232962314E+02
   0.179739580E+00  -0.913253539E-01   0.754083097E+00  -0.181953808E+00   0.106274998E+02
   0.179413971E+00  -0.926705045E-01   0.768434900E+00  -0.184013277E+00   0.900138536E-02
   0.178834948E+00  -0.950625580E-01   0.767791231E+00  -0.181063331E+00   0.997979645E-02
   0.177805282E+00  -0.993162976E-01   0.766945039E+00  -0.175883761E+00   0.102249041E-01
   0.175974249E+00  -0.106880635E+00   0.765872064E+00  -0.166791370E+00   0.101387726E-01
   0.172718160E+00  -0.120332141E+00   0.764665535E+00  -0.150992766E+00   0.100292251E-01
   0.180842996E-01  -0.286457551E-01  -0.814848340E-02   0.979340005E-02   0.142075487E-02
   0.180796378E-01  -0.286519872E-01  -0.852439357E-02   0.101624357E-01   0.146320800E-02
   0.180713478E-01  -0.286630697E-01  -0.995402641E-02   0.114233016E-01   0.149733037E-02
   0.180566059E-01  -0.286827775E-01  -0.113810081E-01   0.128833851E-01   0.159533260E-02
   0.180303907E-01  -0.287178233E-01  -0.130479423E-01   0.150298161E-01   0.177475059E-02
   0.179837727E-01  -0.287801447E-01  -0.135758799E-01   0.172544547E-01   0.215386688E-02
   0.179008728E-01  -0.288909695E-01  -0.122385605E-01   0.197422399E-01   0.353572746E-02
   0.177534538E-01  -0.290880469E-01  -0.111940625E-01   0.226159217E-01   0.438340817E-02
   0.174913015E-01  -0.294385055E-01  -0.595640031E-02   0.302750332E-01   0.757398089E-02
   0.170251215E-01  -0.300617190E-01   0.441014045E-02   0.424906309E-01   0.950838275E-02
   0.161961232E-01  -0.311699667E-01   0.236807930E-01   0.629526189E-01   0.996239055E-02
   0.147219325E-01  -0.331407408E-01   0.584530074E-01   0.947208201E-01   0.100755636E-01
   0.121004097E-01  -0.366453277E-01   0.119638317E+00   0.138507781E+00   0.100820521E-01
   0.743860950E-02  -0.428774624E-01   0.219172487E+00   0.186373883E+00   0.100694086E-01
  -0.851373600E-03  -0.539599394E-01   0.358678764E+00   0.218365855E+00   0.100539443E-01
  -0.984810000E-05   0.173650000E-05   0.348994081E+00   0.176207923E+01   0.410752618E+01
  -0.175126000E-04   0.308790000E-05   0.341959772E+00   0.174284367E+01   0.367410587E+01
  -0.311424000E-04   0.549120000E-05   0.344371556E+00   0.178427180E+01   0.320977270E+01
  -0.553798000E-04   0.976500000E-05   0.243702272E+00   0.126865618E+01   0.138418099E+01
  -0.984808000E-04   0.173648000E-04   0.349896788E+00   0.192896127E+01   0.208182535E+01
  -0.175126300E-03   0.308795000E-04   0.384523579E+00   0.211843818E+01   0.903697574E+00
  -0.311423600E-03   0.549124000E-04   0.394588736E+00   0.211707933E+01   0.662519511E-02
  -0.553798100E-03   0.976495000E-04   0.407158693E+00   0.208282474E+01   0.886469068E-02
  -0.984807800E-03   0.173648200E-03   0.428139743E+00   0.202519492E+01   0.979049458E-02
  -0.175126340E-02   0.308795000E-03   0.461714049E+00   0.193210697E+01   0.100937016E-01
  -0.311423560E-02   0.549123800E-03   0.511918037E+00   0.179057634E+01   0.100498134E-01
  -0.553798100E-02   0.976495500E-03   0.580284793E+00   0.159429283E+01   0.100761993E-01
  -0.984807750E-02   0.173648180E-02   0.662921807E+00   0.135194232E+01   0.100752324E-01
  -0.175126335E-01   0.308794980E-02   0.749817349E+00   0.108741640E+01   0.100169690E-01
  -0.311423556E-01   0.549123750E-02   0.829951951E+00   0.831905249E+00   0.100149384E-01
   0.955430324E-01   0.287363623E-01   0.380713389E+00   0.518482945E-02   0.361500073E+00
   0.955429363E-01   0.287441445E-01   0.385562742E+00   0.525588325E-02   0.769793232E+00
   0.955427654E-01   0.287579835E-01   0.583826048E+00   0.754106379E-02   0.213257561E+01
   0.955424616E-01   0.287825930E-01   0.757357989E+00   0.957886062E-02   0.640755962E+01
   0.955419213E-01   0.288263555E-01   0.861676224E+00   0.109312187E-01   0.152475319E+02
   0.955409605E-01   0.289041775E-01   0.953359989E+00   0.122681193E-01   0.289663103E+02
   0.955392519E-01   0.290425668E-01   0.105153992E+01   0.139176723E-01   0.502874638E+02
   0.955362136E-01   0.292886616E-01   0.116837436E+01   0.162940163E-01   0.791892674E+02
   0.955308106E-01   0.297262869E-01   0.132330618E+01   0.203062728E-01   0.107436906E+03
   0.955212025E-01   0.305045070E-01   0.154007279E+01   0.278838963E-01   0.107006721E+03
   0.955041166E-01   0.318883998E-01   0.173852647E+01   0.389494569E-01   0.655065747E+01
   0.954737332E-01   0.343493478E-01   0.173074717E+01   0.462196967E-01   0.999823915E-02
   0.954197031E-01   0.387256010E-01   0.171551385E+01   0.581587418E-01   0.101168184E-01
   0.953236224E-01   0.465078021E-01   0.168741404E+01   0.764343658E-01   0.100176198E-01
   0.951527640E-01   0.603467299E-01   0.163803443E+01   0.100641378E+00   0.100167357E-01
   0.330532624E+00   0.253030260E-02   0.157002014E+00  -0.294722396E-01   0.325387313E+01
   0.330534058E+00   0.253795210E-02   0.247298665E+00  -0.463899657E-01   0.329147438E+01
   0.330536609E+00   0.255155500E-02   0.373727231E+00  -0.700796483E-01   0.376158720E+01
   0.330541145E+00   0.257574480E-02   0.502380126E+00  -0.941679892E-01   0.601102711E+01
   0.330549211E+00   0.261876100E-02   0.582034666E+00  -0.109067373E+00   0.124453312E+02
   0.330563554E+00   0.269525580E-02   0.642831395E+00  -0.120407514E+00   0.229988043E+02
   0.330589060E+00   0.283128500E-02   0.702495516E+00  -0.131482787E+00   0.404389639E+02
   0.330634418E+00   0.307318290E-02   0.741573315E+00  -0.138657436E+00   0.668855951E+02
   0.330715076E+00   0.350334490E-02   0.827083196E+00  -0.154260579E+00   0.116607920E+03
   0.330858509E+00   0.426829310E-02   0.915551274E+00  -0.170003622E+00   0.188012768E+03
   0.331113573E+00   0.562858480E-02   0.102906603E+01  -0.189486821E+00   0.260865901E+03
   0.331567148E+00   0.804756360E-02   0.118874633E+01  -0.215402278E+00   0.270600095E+03
   0.332373730E+00   0.123491837E-01   0.135156458E+01  -0.238493076E+00   0.502833064E+02
   0.333808060E+00   0.199986662E-01   0.135232244E+01  -0.231782454E+00   0.100490648E-01
   0.336358699E+00   0.336015835E-01   0.134617526E+01  -0.219178711E+00   0.100162455E-01
   0.622972315E+00  -0.656280618E-01   0.157455533E+00  -0.419527304E-01   0.935841593E+01
   0.622974319E+00  -0.656205417E-01   0.199183986E+00  -0.530722742E-01   0.953374920E+01
   0.622977884E+00  -0.656071687E-01   0.274911528E+00  -0.732468569E-01   0.986849719E+01
   0.622984224E+00  -0.655833878E-01   0.363869152E+00  -0.969417981E-01   0.111695483E+02
   0.622995497E+00  -0.655410987E-01   0.435077929E+00  -0.115894224E+00   0.156311233E+02
   0.623015543E+00  -0.654658968E-01   0.479850117E+00  -0.127786235E+00   0.242984043E+02
   0.623051192E+00  -0.653321669E-01   0.520972412E+00  -0.138669075E+00   0.384792117E+02
   0.623114585E+00  -0.650943578E-01   0.500432781E+00  -0.133119888E+00   0.537803074E+02
   0.623227316E+00  -0.646714668E-01   0.594629090E+00  -0.157944693E+00   0.992969302E+02
   0.623427784E+00  -0.639194483E-01   0.658142595E+00  -0.174343776E+00   0.177171049E+03
   0.623784270E+00  -0.625821494E-01   0.727773366E+00  -0.191862126E+00   0.293420595E+03
   0.624418203E+00  -0.602040582E-01   0.819786705E+00  -0.214264260E+00   0.421835897E+03
   0.625545513E+00  -0.559751477E-01   0.953735940E+00  -0.245460769E+00   0.471390139E+03
   0.627550184E+00  -0.484549632E-01   0.111743255E+01  -0.280331336E+00   0.192367054E+03
   0.631115051E+00  -0.350819739E-01   0.113480569E+01  -0.276292491E+00   0.100179489E-01
   0.872594799E+00  -0.137039671E+00   0.133902357E+00  -0.407247061E-01   0.911041477E+01
   0.872597069E+00  -0.137032227E+00   0.151844438E+00  -0.461903275E-01   0.931730877E+01
   0.872601107E+00  -0.137018989E+00   0.181614706E+00  -0.552580876E-01   0.971064649E+01
   0.872608286E+00  -0.136995448E+00   0.233759802E+00  -0.711353996E-01   0.105643715E+02
   0.872621054E+00  -0.136953586E+00   0.284743405E+00  -0.866353066E-01   0.131957480E+02
   0.872643758E+00  -0.136879143E+00   0.318126176E+00  -0.967327201E-01   0.199318930E+02
   0.872684133E+00  -0.136746763E+00   0.346192270E+00  -0.105137840E+00   0.317133655E+02
   0.872755931E+00  -0.136511355E+00   0.349694221E+00  -0.106061208E+00   0.428203678E+02
   0.872883607E+00  -0.136092734E+00   0.400625126E+00  -0.121066842E+00   0.820178990E+02
   0.873110652E+00  -0.135348308E+00   0.446403573E+00  -0.134036252E+00   0.155676772E+03
   0.873514400E+00  -0.134024511E+00   0.498545745E+00  -0.148094271E+00   0.282089732E+03
   0.874232378E+00  -0.131670430E+00   0.566315660E+00  -0.165333456E+00   0.457454792E+03
   0.875509143E+00  -0.127484217E+00   0.665250681E+00  -0.189055745E+00   0.634126579E+03
   0.877779587E+00  -0.120039960E+00   0.816696333E+00  -0.222971058E+00   0.653066216E+03
   0.881817071E+00  -0.106801990E+00   0.979107366E+00  -0.253079747E+00   0.813010103E+02
   0.993604511E+00  -0.175189154E+00   0.844734179E-01  -0.924298000E-03   0.405868773E+01
   0.993606399E+00  -0.175181604E+00   0.793613526E-01  -0.113076244E-02   0.402046022E+01
   0.993609755E+00  -0.175168177E+00   0.706352724E-01  -0.164419077E-02   0.399745490E+01
   0.993615723E+00  -0.175144300E+00   0.600227776E-01  -0.375936743E-02   0.407147316E+01
   0.993626337E+00  -0.175101841E+00   0.435554459E-01  -0.478427280E-02   0.459847905E+01
   0.993645210E+00  -0.175026336E+00   0.626019372E-01  -0.204923449E-01   0.657211966E+01
   0.993678773E+00  -0.174892067E+00   0.869911130E-01  -0.305751996E-01   0.144203403E+02
   0.993738457E+00  -0.174653300E+00   0.111239768E+00  -0.349915277E-01   0.313430787E+02
   0.993844591E+00  -0.174228706E+00   0.143566496E+00  -0.400896383E-01   0.648063534E+02
   0.994033327E+00  -0.173473658E+00   0.184997321E+00  -0.472821392E-01   0.130899035E+03
   0.994368953E+00  -0.172130971E+00   0.238227532E+00  -0.567576157E-01   0.246333439E+03
   0.994965790E+00  -0.169743300E+00   0.309397322E+00  -0.698385436E-01   0.423237273E+03
   0.996027132E+00  -0.165497353E+00   0.411696621E+00  -0.888284768E-01   0.651104551E+03
   0.997914495E+00  -0.157946873E+00   0.567260626E+00  -0.117153253E+00   0.844069616E+03
   0.100127075E+01  -0.144520011E+00   0.799483453E+00  -0.156708501E+00   0.664491688E+03
