 hih1=   2.000 Number of points =  165
   0.963965846E+00  -0.732657684E-01   0.240766731E+00   0.154263188E-01   0.331824542E+01
   0.963966344E+00  -0.732735352E-01   0.272371173E+00   0.174467709E-01   0.362756878E+01
   0.963967231E+00  -0.732873468E-01   0.313903924E+00   0.200865602E-01   0.478816277E+01
   0.963968808E+00  -0.733119076E-01   0.349168394E+00   0.223190807E-01   0.651864431E+01
   0.963971611E+00  -0.733555836E-01   0.248866140E+00   0.159222397E-01   0.676585890E+01
   0.963976596E+00  -0.734332517E-01   0.401501406E+00   0.256157166E-01   0.122040505E+02
   0.963985462E+00  -0.735713673E-01   0.462225413E+00   0.293532660E-01   0.250684114E+02
   0.964001227E+00  -0.738169754E-01   0.510418027E+00   0.321542831E-01   0.458868346E+02
   0.964029262E+00  -0.742537352E-01   0.559601357E+00   0.347717556E-01   0.803034036E+02
   0.964079117E+00  -0.750304162E-01   0.613616993E+00   0.372554715E-01   0.132096525E+03
   0.964167771E+00  -0.764115720E-01   0.677040734E+00   0.395568889E-01   0.197236852E+03
   0.964325425E+00  -0.788676531E-01   0.756100228E+00   0.414876225E-01   0.254392106E+03
   0.964605776E+00  -0.832352513E-01   0.855122796E+00   0.424018483E-01   0.240503552E+03
   0.965104319E+00  -0.910020614E-01   0.935981119E+00   0.398029256E-01   0.138426216E+02
   0.965990867E+00  -0.104813620E+00   0.939801272E+00   0.318868332E-01   0.999181187E-02
   0.761715649E+00  -0.833027831E-01   0.205260358E+00   0.744097601E-02   0.315001522E+01
   0.761715929E+00  -0.833105609E-01   0.253901281E+00   0.918600287E-02   0.339543563E+01
   0.761716427E+00  -0.833243919E-01   0.334096050E+00   0.120521868E-01   0.406200767E+01
   0.761717312E+00  -0.833489873E-01   0.404115365E+00   0.145540988E-01   0.569473952E+01
   0.761718887E+00  -0.833927248E-01   0.473828688E+00   0.170412443E-01   0.101306606E+02
   0.761721687E+00  -0.834705024E-01   0.479996698E+00   0.172695683E-01   0.140130291E+02
   0.761726667E+00  -0.836088126E-01   0.555214844E+00   0.199310890E-01   0.277331393E+02
   0.761735522E+00  -0.838547668E-01   0.610315697E+00   0.218466439E-01   0.490713881E+02
   0.761751269E+00  -0.842921421E-01   0.665785127E+00   0.237174519E-01   0.824203463E+02
   0.761779271E+00  -0.850699176E-01   0.726197022E+00   0.256475064E-01   0.128493381E+03
   0.761829068E+00  -0.864530197E-01   0.796826746E+00   0.277009387E-01   0.178505305E+03
   0.761917619E+00  -0.889125617E-01   0.883225728E+00   0.298191419E-01   0.201552863E+03
   0.762075089E+00  -0.932863147E-01   0.978426689E+00   0.313937708E-01   0.118649821E+03
   0.762355114E+00  -0.101064070E+00   0.100048146E+01   0.304830542E-01   0.983767675E-02
   0.762853076E+00  -0.114895091E+00   0.998981603E+00   0.281104851E-01   0.998598188E-02
   0.468539366E+00  -0.874405085E-01   0.153912079E+00  -0.200471732E-02   0.405821589E+00
   0.468539267E+00  -0.874482906E-01   0.217036545E+00  -0.280270249E-02   0.619725482E+00
   0.468539090E+00  -0.874621295E-01   0.334328795E+00  -0.428793888E-02   0.976136546E+00
   0.468538774E+00  -0.874867388E-01   0.328875927E+00  -0.435442373E-02   0.371557681E+01
   0.468538214E+00  -0.875305011E-01   0.491386553E+00  -0.635715989E-02   0.741184933E+01
   0.468537217E+00  -0.876083226E-01   0.567540513E+00  -0.732556119E-02   0.162549408E+02
   0.468535444E+00  -0.877467111E-01   0.626743604E+00  -0.810896177E-02   0.296956306E+02
   0.468532291E+00  -0.879928045E-01   0.685930455E+00  -0.892811182E-02   0.498710086E+02
   0.468526684E+00  -0.884304272E-01   0.750126862E+00  -0.988017334E-02   0.776477199E+02
   0.468516714E+00  -0.892086428E-01   0.823752567E+00  -0.110991960E-01   0.108237365E+03
   0.468498985E+00  -0.905925275E-01   0.911760657E+00  -0.128168860E-01   0.124333829E+03
   0.468467456E+00  -0.930534611E-01   0.100842087E+01  -0.151945882E-01   0.812826839E+02
   0.468411391E+00  -0.974296887E-01   0.103691058E+01  -0.163184696E-01   0.973669335E-02
   0.468311690E+00  -0.105211844E+00   0.103498730E+01  -0.168516984E-01   0.989078042E-02
   0.468134394E+00  -0.119050691E+00   0.103171241E+01  -0.176849563E-01   0.100005372E-01
   0.188535138E+00  -0.702844460E-01   0.614661900E+00  -0.830952761E-01   0.231304283E+02
   0.188534107E+00  -0.702921603E-01   0.646212561E+00  -0.871894044E-01   0.236816097E+02
   0.188532275E+00  -0.703058784E-01   0.671057084E+00  -0.902430315E-01   0.243931743E+02
   0.188529017E+00  -0.703302732E-01   0.685858727E+00  -0.920688204E-01   0.263063444E+02
   0.188523223E+00  -0.703736538E-01   0.713093268E+00  -0.956027646E-01   0.291642332E+02
   0.188512920E+00  -0.704507968E-01   0.739421870E+00  -0.990767817E-01   0.332661493E+02
   0.188494598E+00  -0.705879785E-01   0.777418601E+00  -0.104153303E+00   0.390119761E+02
   0.188462017E+00  -0.708319259E-01   0.753065191E+00  -0.100974216E+00   0.335002973E+02
   0.188404078E+00  -0.712657325E-01   0.854012363E+00  -0.114603024E+00   0.452142100E+02
   0.188301047E+00  -0.720371620E-01   0.952147448E+00  -0.128109271E+00   0.404006015E+02
   0.188117828E+00  -0.734089790E-01   0.101448354E+01  -0.136614041E+00   0.460520803E+01
   0.187792014E+00  -0.758484531E-01   0.101359311E+01  -0.135617207E+00   0.971426903E-02
   0.187212626E+00  -0.801865196E-01   0.101050063E+01  -0.133572310E+00   0.989701112E-02
   0.186182312E+00  -0.879008139E-01   0.100536955E+01  -0.129836728E+00   0.994471290E-02
   0.184350126E+00  -0.101618985E+00   0.997235661E+00  -0.122959222E+00   0.998348393E-02
   0.209795287E-01  -0.265985066E-01   0.376806111E+00  -0.222119253E+00   0.498734531E-01
   0.209755438E-01  -0.266051919E-01   0.408290251E+00  -0.240471759E+00   0.113394317E+00
   0.209684577E-01  -0.266170802E-01   0.439311220E+00  -0.257956024E+00   0.323583717E+00
   0.209558566E-01  -0.266382209E-01   0.475382161E+00  -0.278779577E+00   0.570588873E+00
   0.209334483E-01  -0.266758151E-01   0.500628816E+00  -0.292793249E+00   0.785189221E+00
   0.208936000E-01  -0.267426679E-01   0.537884057E+00  -0.313758830E+00   0.587025936E+00
   0.208227386E-01  -0.268615510E-01   0.554340381E+00  -0.321875645E+00   0.245584460E-01
   0.206967273E-01  -0.270729583E-01   0.554638890E+00  -0.319235175E+00   0.714280895E-02
   0.204726441E-01  -0.274488995E-01   0.555933183E+00  -0.319066979E+00   0.137990750E-01
   0.200741614E-01  -0.281174280E-01   0.557019073E+00  -0.309201877E+00   0.925672089E-02
   0.193655478E-01  -0.293062585E-01   0.559506268E+00  -0.292863169E+00   0.978715667E-02
   0.181054349E-01  -0.314203313E-01   0.566063993E+00  -0.265145460E+00   0.992991995E-02
   0.158646021E-01  -0.351797435E-01   0.581548121E+00  -0.222591069E+00   0.995515519E-02
   0.118797753E-01  -0.418650288E-01   0.614578570E+00  -0.165192205E+00   0.996276686E-02
   0.479363980E-02  -0.537533339E-01   0.671712367E+00  -0.102638385E+00   0.996690664E-02
  -0.997560000E-05   0.697600000E-06   0.509602738E-01   0.541182058E+00   0.110561554E+00
  -0.177395000E-04   0.124050000E-05   0.546014677E-01   0.611413638E+00   0.100250060E+00
  -0.315457000E-04   0.220590000E-05   0.543000994E-01   0.582501867E+00   0.560240616E-01
  -0.560971000E-04   0.392270000E-05   0.619906195E-01   0.746830534E+00   0.866242693E-01
  -0.997564000E-04   0.697560000E-05   0.692372490E-01   0.860408371E+00   0.623929079E-01
  -0.177394800E-03   0.124047000E-04   0.757520494E-01   0.875922404E+00   0.532029308E-02
  -0.315457500E-03   0.220589000E-04   0.859610780E-01   0.867872066E+00   0.707057142E-02
  -0.560971500E-03   0.392269000E-04   0.103544097E+00   0.854461371E+00   0.968324501E-02
  -0.997564100E-03   0.697565000E-04   0.132938379E+00   0.831970511E+00   0.100000936E-01
  -0.177394760E-02   0.124046500E-03   0.179659342E+00   0.792952857E+00   0.101211917E-01
  -0.315457450E-02   0.220589300E-03   0.250102637E+00   0.733989326E+00   0.998167710E-02
  -0.560971490E-02   0.392269500E-03   0.347235341E+00   0.654283871E+00   0.996988147E-02
  -0.997564050E-02   0.697564700E-03   0.465246008E+00   0.555254471E+00   0.996259480E-02
  -0.177394761E-01   0.124046500E-02   0.590964061E+00   0.446991405E+00   0.996250189E-02
  -0.315457451E-01   0.220589340E-02   0.708579413E+00   0.342186727E+00   0.996246975E-02
   0.920158698E-01   0.385659079E-01   0.487861592E+00   0.584400825E-01   0.115262083E+02
   0.920149608E-01   0.385736374E-01   0.571492114E+00   0.680510792E-01   0.117514932E+02
   0.920133443E-01   0.385873827E-01   0.718346547E+00   0.851355607E-01   0.132081589E+02
   0.920104698E-01   0.386118256E-01   0.783435938E+00   0.927307190E-01   0.159629992E+02
   0.920053580E-01   0.386552919E-01   0.855017273E+00   0.101147934E+00   0.221966920E+02
   0.919962679E-01   0.387325872E-01   0.921616058E+00   0.109096391E+00   0.305806787E+02
   0.919801030E-01   0.388700397E-01   0.923541728E+00   0.109844141E+00   0.314443632E+02
   0.919513574E-01   0.391144688E-01   0.106516284E+01   0.126947507E+00   0.483241106E+02
   0.919002397E-01   0.395491320E-01   0.120696076E+01   0.144967926E+00   0.564286269E+02
   0.918093381E-01   0.403220846E-01   0.135894197E+01   0.165529514E+00   0.329070531E+02
   0.916476897E-01   0.416966103E-01   0.139980912E+01   0.172558010E+00   0.997166154E-02
   0.913602336E-01   0.441409011E-01   0.139320984E+01   0.174318998E+00   0.100109046E-01
   0.908490564E-01   0.484875331E-01   0.138118711E+01   0.176807131E+00   0.999754107E-02
   0.899400405E-01   0.562170592E-01   0.136026643E+01   0.179489940E+00   0.997375123E-02
   0.883235562E-01   0.699623164E-01   0.132589348E+01   0.179881715E+00   0.996848380E-02
   0.328457443E+00   0.370665086E-01   0.282011469E+00  -0.230259416E-01   0.101222745E+02
   0.328458070E+00   0.370742661E-01   0.351962160E+00  -0.286417441E-01   0.104338695E+02
   0.328459185E+00   0.370880611E-01   0.473588534E+00  -0.383745010E-01   0.110295944E+02
   0.328461167E+00   0.371125925E-01   0.559662459E+00  -0.452628211E-01   0.132032255E+02
   0.328464692E+00   0.371562161E-01   0.632204126E+00  -0.510569366E-01   0.189992231E+02
   0.328470961E+00   0.372337912E-01   0.688197607E+00  -0.555102489E-01   0.289382402E+02
   0.328482109E+00   0.373717413E-01   0.671975966E+00  -0.542571644E-01   0.331633295E+02
   0.328501933E+00   0.376170552E-01   0.776967898E+00  -0.625148550E-01   0.591482368E+02
   0.328537185E+00   0.380532918E-01   0.859133794E+00  -0.688134276E-01   0.957378604E+02
   0.328599873E+00   0.388290425E-01   0.950081817E+00  -0.754902845E-01   0.137665484E+03
   0.328711351E+00   0.402085438E-01   0.106402956E+01  -0.832715705E-01   0.162175875E+03
   0.328909589E+00   0.426616826E-01   0.119944489E+01  -0.913030870E-01   0.106849726E+03
   0.329262111E+00   0.470240489E-01   0.124078743E+01  -0.916782085E-01   0.995819985E-02
   0.329888995E+00   0.547815550E-01   0.123713312E+01  -0.876814941E-01   0.993567422E-02
   0.331003769E+00   0.685765684E-01   0.123056024E+01  -0.809637944E-01   0.995975226E-02
   0.626419608E+00  -0.150205700E-03   0.317048722E+00  -0.498289324E-01   0.240068020E+02
   0.626420815E+00  -0.142517200E-03   0.355054311E+00  -0.557818569E-01   0.243847921E+02
   0.626422963E+00  -0.128844900E-03   0.421738121E+00  -0.662142217E-01   0.250281457E+02
   0.626426781E+00  -0.104531600E-03   0.486343393E+00  -0.763294476E-01   0.266703641E+02
   0.626433572E+00  -0.612958000E-04   0.540108787E+00  -0.847310687E-01   0.310358447E+02
   0.626445649E+00   0.155896000E-04   0.580189956E+00  -0.909806718E-01   0.397775017E+02
   0.626467123E+00   0.152313200E-03   0.616438397E+00  -0.966083878E-01   0.533054600E+02
   0.626505312E+00   0.395445900E-03   0.554809076E+00  -0.869800342E-01   0.512990238E+02
   0.626573221E+00   0.827803900E-03   0.672692153E+00  -0.105262248E+00   0.919815495E+02
   0.626693982E+00   0.159665730E-02   0.743999776E+00  -0.116063800E+00   0.152488179E+03
   0.626908730E+00   0.296389340E-02   0.821324253E+00  -0.127419153E+00   0.226705585E+03
   0.627290612E+00   0.539522110E-02   0.919833208E+00  -0.141257230E+00   0.280562082E+03
   0.627969705E+00   0.971880120E-02   0.104505369E+01  -0.157585874E+00   0.218564954E+03
   0.629177322E+00   0.174073346E-01   0.110451039E+01  -0.162715527E+00   0.987622319E-02
   0.631324802E+00   0.310796953E-01   0.110297846E+01  -0.157278001E+00   0.993863190E-02
   0.882139179E+00  -0.450779599E-01   0.410512922E+00  -0.792805338E-01   0.315092802E+02
   0.882140659E+00  -0.450703191E-01   0.400823024E+00  -0.773810100E-01   0.321219788E+02
   0.882143291E+00  -0.450567316E-01   0.422947016E+00  -0.816320815E-01   0.334161091E+02
   0.882147970E+00  -0.450325692E-01   0.435637366E+00  -0.840529614E-01   0.347872572E+02
   0.882156292E+00  -0.449896018E-01   0.463272844E+00  -0.893493899E-01   0.383024528E+02
   0.882171091E+00  -0.449131938E-01   0.481474464E+00  -0.927955563E-01   0.456924465E+02
   0.882197407E+00  -0.447773190E-01   0.501722834E+00  -0.966015805E-01   0.576880134E+02
   0.882244205E+00  -0.445356956E-01   0.461825010E+00  -0.890456599E-01   0.464944156E+02
   0.882327424E+00  -0.441060217E-01   0.532757691E+00  -0.102413844E+00   0.851134293E+02
   0.882475411E+00  -0.433419414E-01   0.588558915E+00  -0.112534890E+00   0.149172635E+03
   0.882738573E+00  -0.419831931E-01   0.649374965E+00  -0.123031824E+00   0.242039734E+03
   0.883206549E+00  -0.395669591E-01   0.726355171E+00  -0.135536800E+00   0.345761573E+03
   0.884038741E+00  -0.352702198E-01   0.831613372E+00  -0.151380821E+00   0.396925445E+03
   0.885518611E+00  -0.276294169E-01   0.961157109E+00  -0.168343974E+00   0.221050751E+03
   0.888150233E+00  -0.140419343E-01   0.991027550E+00  -0.165117397E+00   0.991125331E-02
   0.100647369E+01  -0.703694972E-01   0.846195213E-01   0.109100352E-03   0.807237812E+01
   0.100647478E+01  -0.703617908E-01   0.827964523E-01  -0.384875398E-03   0.803684122E+01
   0.100647672E+01  -0.703480867E-01   0.816043663E-01  -0.109442912E-02   0.812028734E+01
   0.100648016E+01  -0.703237169E-01   0.823883224E-01  -0.344349911E-02   0.829468365E+01
   0.100648627E+01  -0.702803806E-01   0.811768541E-01  -0.462252307E-02   0.907876913E+01
   0.100649715E+01  -0.702033166E-01   0.134176837E+00  -0.185873040E-01   0.116656808E+02
   0.100651650E+01  -0.700662753E-01   0.189123214E+00  -0.289758697E-01   0.211385191E+02
   0.100655089E+01  -0.698225775E-01   0.231592395E+00  -0.342477941E-01   0.392977414E+02
   0.100661206E+01  -0.693892147E-01   0.279967530E+00  -0.396698917E-01   0.725291360E+02
   0.100672084E+01  -0.686185747E-01   0.338307126E+00  -0.462697253E-01   0.130659077E+03
   0.100691428E+01  -0.672481613E-01   0.409183893E+00  -0.543067415E-01   0.221979660E+03
   0.100725827E+01  -0.648111835E-01   0.497985884E+00  -0.644182728E-01   0.344040881E+03
   0.100786997E+01  -0.604775559E-01   0.616289586E+00  -0.776207134E-01   0.461740266E+03
   0.100895776E+01  -0.527711553E-01   0.777105498E+00  -0.943625440E-01   0.444758193E+03
   0.101089214E+01  -0.390670218E-01   0.915657727E+00  -0.105974310E+00   0.520189675E+01
