 hih1=   4.000 Number of points =  130
   0.100000000E+00   0.100000000E-05   0.392249766E+00   0.235320003E-06   0.692234053E+01
   0.100000000E+00   0.177830000E-05   0.448998233E+00   0.479313292E-06   0.154083160E+02
   0.100000000E+00   0.316230000E-05   0.499319169E+00   0.949270740E-06   0.311626556E+02
   0.100000000E+00   0.562340000E-05   0.545649505E+00   0.184866705E-05   0.597184137E+02
   0.100000000E+00   0.100000000E-04   0.589684164E+00   0.356222728E-05   0.110802889E+03
   0.100000000E+00   0.177828000E-04   0.632564602E+00   0.681666065E-05   0.201286560E+03
   0.100000000E+00   0.316228000E-04   0.675043898E+00   0.129925383E-04   0.359666996E+03
   0.100000000E+00   0.562341000E-04   0.717291828E+00   0.247653637E-04   0.631038366E+03
   0.100000000E+00   0.100000000E-03   0.760058765E+00   0.474354559E-04   0.107639552E+04
   0.100000000E+00   0.177827900E-03   0.804732206E+00   0.920562075E-04   0.174062553E+04
   0.100000000E+00   0.316227800E-03   0.853169566E+00   0.185010956E-03   0.247031521E+04
   0.100000000E+00   0.562341300E-03   0.914163039E+00   0.410483204E-03   0.230892442E+04
   0.100000000E+00   0.100000000E-02   0.991813591E+00   0.954301343E-03   0.686047013E+03
   0.200000000E+00   0.100000000E-05   0.372327057E+00   0.108355342E-06   0.651932910E+01
   0.200000000E+00   0.177830000E-05   0.427315025E+00   0.221505162E-06   0.146379610E+02
   0.200000000E+00   0.316230000E-05   0.475901980E+00   0.439450206E-06   0.297487081E+02
   0.200000000E+00   0.562340000E-05   0.520516887E+00   0.856347462E-06   0.571959516E+02
   0.200000000E+00   0.100000000E-04   0.562830230E+00   0.164977478E-05   0.106440025E+03
   0.200000000E+00   0.177828000E-04   0.603941496E+00   0.315354278E-05   0.194115481E+03
   0.200000000E+00   0.316228000E-04   0.644537297E+00   0.599622092E-05   0.349119543E+03
   0.200000000E+00   0.562341000E-04   0.684681561E+00   0.113747917E-04   0.620288266E+03
   0.200000000E+00   0.100000000E-03   0.724869600E+00   0.215826953E-04   0.108572604E+04
   0.200000000E+00   0.177827900E-03   0.765907069E+00   0.411105815E-04   0.185524776E+04
   0.200000000E+00   0.316227800E-03   0.808153567E+00   0.793612147E-04   0.301454415E+04
   0.200000000E+00   0.562341300E-03   0.853998739E+00   0.157836291E-03   0.437440192E+04
   0.200000000E+00   0.100000000E-02   0.910377488E+00   0.342024682E-03   0.440220246E+04
   0.300000000E+00   0.100000000E-05   0.361327396E+00   0.690036249E-07   0.629830742E+01
   0.300000000E+00   0.177830000E-05   0.415340957E+00   0.141373247E-06   0.142133021E+02
   0.300000000E+00   0.316230000E-05   0.462972139E+00   0.280778918E-06   0.289647858E+02
   0.300000000E+00   0.562340000E-05   0.506646232E+00   0.547396285E-06   0.557843484E+02
   0.300000000E+00   0.100000000E-04   0.548023250E+00   0.105461513E-05   0.103952941E+03
   0.300000000E+00   0.177828000E-04   0.588186232E+00   0.201523078E-05   0.189860527E+03
   0.300000000E+00   0.316228000E-04   0.627799002E+00   0.382875450E-05   0.342223173E+03
   0.300000000E+00   0.562341000E-04   0.666896781E+00   0.725165818E-05   0.610486280E+03
   0.300000000E+00   0.100000000E-03   0.705901240E+00   0.137182532E-04   0.107703082E+04
   0.300000000E+00   0.177827900E-03   0.745462064E+00   0.259834313E-04   0.186998061E+04
   0.300000000E+00   0.316227800E-03   0.785601405E+00   0.495862204E-04   0.314771954E+04
   0.300000000E+00   0.562341300E-03   0.827789840E+00   0.962618756E-04   0.496802730E+04
   0.300000000E+00   0.100000000E-02   0.874933570E+00   0.194446545E-03   0.665698890E+04
   0.400000000E+00   0.100000000E-05   0.353792832E+00   0.501580628E-07   0.614766588E+01
   0.400000000E+00   0.177830000E-05   0.407137637E+00   0.102927328E-06   0.139230149E+02
   0.400000000E+00   0.316230000E-05   0.454114359E+00   0.204584533E-06   0.284274509E+02
   0.400000000E+00   0.562340000E-05   0.497145709E+00   0.398992589E-06   0.548130251E+02
   0.400000000E+00   0.100000000E-04   0.537885236E+00   0.768768440E-06   0.102229293E+03
   0.400000000E+00   0.177828000E-04   0.577406427E+00   0.146882967E-05   0.186868242E+03
   0.400000000E+00   0.316228000E-04   0.616361035E+00   0.278959355E-05   0.337215482E+03
   0.400000000E+00   0.562341000E-04   0.654771887E+00   0.527937307E-05   0.602751717E+03
   0.400000000E+00   0.100000000E-03   0.693025636E+00   0.997224522E-05   0.106743933E+04
   0.400000000E+00   0.177827900E-03   0.731700132E+00   0.188350859E-04   0.186729178E+04
   0.400000000E+00   0.316227800E-03   0.770677405E+00   0.357429501E-04   0.319402979E+04
   0.400000000E+00   0.562341300E-03   0.811064966E+00   0.685889017E-04   0.522551438E+04
   0.400000000E+00   0.100000000E-02   0.854701069E+00   0.134992630E-03   0.774102128E+04
   0.500000000E+00   0.100000000E-05   0.348095810E+00   0.391045265E-07   0.603420575E+01
   0.500000000E+00   0.177830000E-05   0.400934157E+00   0.803450504E-07   0.137039318E+02
   0.500000000E+00   0.316230000E-05   0.447416022E+00   0.159798055E-06   0.280212330E+02
   0.500000000E+00   0.562340000E-05   0.489962045E+00   0.311738706E-06   0.540771394E+02
   0.500000000E+00   0.100000000E-04   0.530221122E+00   0.600805067E-06   0.100918511E+03
   0.500000000E+00   0.177828000E-04   0.569260186E+00   0.114774394E-05   0.184575598E+03
   0.500000000E+00   0.316228000E-04   0.607723270E+00   0.217930594E-05   0.333317452E+03
   0.500000000E+00   0.562341000E-04   0.645626716E+00   0.412238042E-05   0.596498998E+03
   0.500000000E+00   0.100000000E-03   0.683336700E+00   0.777998773E-05   0.105873970E+04
   0.500000000E+00   0.177827900E-03   0.721389829E+00   0.146710948E-04   0.186015361E+04
   0.500000000E+00   0.316227800E-03   0.759594029E+00   0.277541856E-04   0.321091818E+04
   0.500000000E+00   0.562341300E-03   0.798867305E+00   0.529258345E-04   0.535782978E+04
   0.500000000E+00   0.100000000E-02   0.840563559E+00   0.102838780E-03   0.831405334E+04
   0.600000000E+00   0.100000000E-05   0.343537623E+00   0.318811313E-07   0.594371064E+01
   0.600000000E+00   0.177830000E-05   0.395970231E+00   0.655707512E-07   0.135289147E+02
   0.600000000E+00   0.316230000E-05   0.442056133E+00   0.130479734E-06   0.276963112E+02
   0.600000000E+00   0.562340000E-05   0.484214203E+00   0.254601481E-06   0.534876363E+02
   0.600000000E+00   0.100000000E-04   0.524089720E+00   0.490639871E-06   0.998658012E+02
   0.600000000E+00   0.177828000E-04   0.562744706E+00   0.937339837E-06   0.182725298E+03
   0.600000000E+00   0.316228000E-04   0.600817717E+00   0.177954599E-05   0.330139890E+03
   0.600000000E+00   0.562341000E-04   0.638321305E+00   0.336528543E-05   0.591285635E+03
   0.600000000E+00   0.100000000E-03   0.675608082E+00   0.634761486E-05   0.105103541E+04
   0.600000000E+00   0.177827900E-03   0.713187631E+00   0.119574122E-04   0.185185180E+04
   0.600000000E+00   0.316227800E-03   0.750822607E+00   0.225742967E-04   0.321530850E+04
   0.600000000E+00   0.562341300E-03   0.789315365E+00   0.428751020E-04   0.543206460E+04
   0.600000000E+00   0.100000000E-02   0.829739185E+00   0.826219804E-04   0.866942308E+04
   0.700000000E+00   0.100000000E-05   0.339759290E+00   0.267533400E-07   0.586889387E+01
   0.700000000E+00   0.177830000E-05   0.391855208E+00   0.550717364E-07   0.133840312E+02
   0.700000000E+00   0.316230000E-05   0.437612854E+00   0.109634617E-06   0.274270634E+02
   0.700000000E+00   0.562340000E-05   0.479449556E+00   0.213969424E-06   0.529985832E+02
   0.700000000E+00   0.100000000E-04   0.519007640E+00   0.412365649E-06   0.989908539E+02
   0.700000000E+00   0.177828000E-04   0.557345247E+00   0.787780680E-06   0.181182100E+03
   0.700000000E+00   0.316228000E-04   0.595096781E+00   0.149543342E-05   0.327471377E+03
   0.700000000E+00   0.562341000E-04   0.632272428E+00   0.282731833E-05   0.586841387E+03
   0.700000000E+00   0.100000000E-03   0.669215114E+00   0.533051681E-05   0.104421971E+04
   0.700000000E+00   0.177827900E-03   0.706415219E+00   0.100334633E-04   0.184348876E+04
   0.700000000E+00   0.316227800E-03   0.743605196E+00   0.189140730E-04   0.321377223E+04
   0.700000000E+00   0.562341300E-03   0.781509703E+00   0.358233841E-04   0.547564811E+04
   0.700000000E+00   0.100000000E-02   0.821020723E+00   0.686510146E-04   0.890434438E+04
   0.800000000E+00   0.100000000E-05   0.336562524E+00   0.227536183E-07   0.580573121E+01
   0.800000000E+00   0.177830000E-05   0.388373308E+00   0.468727179E-07   0.132615794E+02
   0.800000000E+00   0.316230000E-05   0.433853194E+00   0.933460560E-07   0.271993084E+02
   0.800000000E+00   0.562340000E-05   0.475418126E+00   0.182209312E-06   0.525845087E+02
   0.800000000E+00   0.100000000E-04   0.514707957E+00   0.351173572E-06   0.982489789E+02
   0.800000000E+00   0.177828000E-04   0.552777640E+00   0.670856550E-06   0.179870216E+03
   0.800000000E+00   0.316228000E-04   0.590258290E+00   0.127333516E-05   0.325191579E+03
   0.800000000E+00   0.562341000E-04   0.627158525E+00   0.240689633E-05   0.583005058E+03
   0.800000000E+00   0.100000000E-03   0.663813941E+00   0.453621166E-05   0.103819239E+04
   0.800000000E+00   0.177827900E-03   0.700700495E+00   0.853325978E-05   0.183552707E+04
   0.800000000E+00   0.316227800E-03   0.737529237E+00   0.160694742E-04   0.320940368E+04
   0.800000000E+00   0.562341300E-03   0.774969329E+00   0.303810422E-04   0.550187072E+04
   0.800000000E+00   0.100000000E-02   0.813787545E+00   0.580241214E-04   0.906707226E+04
   0.900000000E+00   0.100000000E-05   0.333854647E+00   0.188747319E-07   0.575171833E+01
   0.900000000E+00   0.177830000E-05   0.385424646E+00   0.388300842E-07   0.131576906E+02
   0.900000000E+00   0.316230000E-05   0.430669197E+00   0.772744394E-07   0.270059333E+02
   0.900000000E+00   0.562340000E-05   0.472003900E+00   0.150795887E-06   0.522326084E+02
   0.900000000E+00   0.100000000E-04   0.511066552E+00   0.290610375E-06   0.976175066E+02
   0.900000000E+00   0.177828000E-04   0.548909479E+00   0.555177054E-06   0.178750557E+03
   0.900000000E+00   0.316228000E-04   0.586161116E+00   0.105384171E-05   0.323236750E+03
   0.900000000E+00   0.562341000E-04   0.622828952E+00   0.199220489E-05   0.579686873E+03
   0.900000000E+00   0.100000000E-03   0.659242766E+00   0.375522794E-05   0.103288364E+04
   0.900000000E+00   0.177827900E-03   0.695867140E+00   0.706557980E-05   0.182816830E+04
   0.900000000E+00   0.316227800E-03   0.732397047E+00   0.133105665E-04   0.320376764E+04
   0.900000000E+00   0.562341300E-03   0.769459902E+00   0.251728723E-04   0.551781045E+04
   0.900000000E+00   0.100000000E-02   0.807731393E+00   0.480650079E-04   0.918438943E+04
   0.100000000E+01   0.100000000E-05   0.354690108E+00  -0.155361923E-02   0.848592375E+01
   0.100000000E+01   0.177830000E-05   0.396038748E+00  -0.179464345E-02   0.163619242E+02
   0.100000000E+01   0.316230000E-05   0.436602046E+00  -0.194714475E-02   0.301585492E+02
   0.100000000E+01   0.562340000E-05   0.475917577E+00  -0.201512294E-02   0.548387392E+02
   0.100000000E+01   0.100000000E-04   0.513756444E+00  -0.203139319E-02   0.993116251E+02
   0.100000000E+01   0.177828000E-04   0.550682683E+00  -0.199952622E-02   0.179233521E+03
   0.100000000E+01   0.316228000E-04   0.587162877E+00  -0.188899317E-02   0.324585639E+03
   0.100000000E+01   0.562341000E-04   0.623155206E+00  -0.168771181E-02   0.580517796E+03
   0.100000000E+01   0.100000000E-03   0.658882556E+00  -0.145575489E-02   0.103287342E+04
   0.100000000E+01   0.177827900E-03   0.694800301E+00  -0.125088917E-02   0.182766239E+04
   0.100000000E+01   0.316227800E-03   0.730623914E+00  -0.109102846E-02   0.320607548E+04
   0.100000000E+01   0.562341300E-03   0.766952177E+00  -0.959116239E-03   0.553847743E+04
   0.100000000E+01   0.100000000E-02   0.804388771E+00  -0.842792911E-03   0.928471597E+04
