 hih1=   3.200 Number of points =  130
   0.100000000E+00   0.316230000E-05   0.304278959E+00   0.665524448E-06   0.114245835E+01
   0.100000000E+00   0.562340000E-05   0.395629074E+00   0.153628069E-05   0.374747306E+01
   0.100000000E+00   0.100000000E-04   0.467714996E+00   0.324832659E-05   0.917403886E+01
   0.100000000E+00   0.177828000E-04   0.529728536E+00   0.657807964E-05   0.193270192E+02
   0.100000000E+00   0.316228000E-04   0.586184989E+00   0.130140072E-04   0.376999697E+02
   0.100000000E+00   0.562341000E-04   0.640042991E+00   0.254309810E-04   0.699868108E+02
   0.100000000E+00   0.100000000E-03   0.692386894E+00   0.495645538E-04   0.124577603E+03
   0.100000000E+00   0.177827900E-03   0.745286997E+00   0.972559804E-04   0.210284750E+03
   0.100000000E+00   0.316227800E-03   0.801339052E+00   0.195168369E-03   0.322533190E+03
   0.100000000E+00   0.562341300E-03   0.866354390E+00   0.419090909E-03   0.374351750E+03
   0.100000000E+00   0.100000000E-02   0.958007222E+00   0.104144316E-02   0.205761848E+03
   0.100000000E+00   0.177827940E-02   0.100011850E+01   0.145841849E-02   0.239059740E+01
   0.100000000E+00   0.316227770E-02   0.100012131E+01   0.145270390E-02   0.618568355E-01
   0.200000000E+00   0.316230000E-05   0.282578824E+00   0.298497429E-06   0.102307613E+01
   0.200000000E+00   0.562340000E-05   0.371057041E+00   0.696261795E-06   0.346140561E+01
   0.200000000E+00   0.100000000E-04   0.440762710E+00   0.147743221E-05   0.862570769E+01
   0.200000000E+00   0.177828000E-04   0.500402297E+00   0.299443495E-05   0.183414594E+02
   0.200000000E+00   0.316228000E-04   0.554421166E+00   0.591878483E-05   0.360741916E+02
   0.200000000E+00   0.562341000E-04   0.605642630E+00   0.115295017E-04   0.677132823E+02
   0.200000000E+00   0.100000000E-03   0.654941131E+00   0.223098801E-04   0.122970531E+03
   0.200000000E+00   0.177827900E-03   0.703855623E+00   0.431254167E-04   0.216368023E+03
   0.200000000E+00   0.316227800E-03   0.753722244E+00   0.839119288E-04   0.364330796E+03
   0.200000000E+00   0.562341300E-03   0.806041525E+00   0.167028584E-03   0.561564198E+03
   0.200000000E+00   0.100000000E-02   0.866404543E+00   0.352796901E-03   0.678334115E+03
   0.200000000E+00   0.177827940E-02   0.951283555E+00   0.860479786E-03   0.406725570E+03
   0.200000000E+00   0.316227770E-02   0.100029481E+01   0.131665650E-02   0.697221055E+01
   0.300000000E+00   0.316230000E-05   0.270785516E+00   0.186395806E-06   0.959408209E+00
   0.300000000E+00   0.562340000E-05   0.357647863E+00   0.437530633E-06   0.330417595E+01
   0.300000000E+00   0.100000000E-04   0.426083867E+00   0.931458529E-06   0.832155361E+01
   0.300000000E+00   0.177828000E-04   0.484444891E+00   0.189053762E-05   0.177824772E+02
   0.300000000E+00   0.316228000E-04   0.537175929E+00   0.373790397E-05   0.351051821E+02
   0.300000000E+00   0.562341000E-04   0.587052520E+00   0.727620757E-05   0.661654185E+02
   0.300000000E+00   0.100000000E-03   0.634893901E+00   0.140505706E-04   0.120945347E+03
   0.300000000E+00   0.177827900E-03   0.682090329E+00   0.270390409E-04   0.215470691E+03
   0.300000000E+00   0.316227800E-03   0.729666670E+00   0.521361921E-04   0.372346646E+03
   0.300000000E+00   0.562341300E-03   0.778360967E+00   0.101792187E-03   0.609651716E+03
   0.300000000E+00   0.100000000E-02   0.831063734E+00   0.204994367E-03   0.888580353E+03
   0.300000000E+00   0.177827940E-02   0.895874096E+00   0.450495738E-03   0.892594710E+03
   0.300000000E+00   0.316227770E-02   0.985121379E+00   0.111417730E-02   0.297604696E+03
   0.400000000E+00   0.316230000E-05   0.262795848E+00   0.134098812E-06   0.916855059E+00
   0.400000000E+00   0.562340000E-05   0.348532868E+00   0.316212761E-06   0.319774297E+01
   0.400000000E+00   0.100000000E-04   0.416102111E+00   0.674832901E-06   0.811373755E+01
   0.400000000E+00   0.177828000E-04   0.473596522E+00   0.137121598E-05   0.173970507E+02
   0.400000000E+00   0.316228000E-04   0.525461879E+00   0.271209043E-05   0.344247122E+02
   0.400000000E+00   0.562341000E-04   0.574447474E+00   0.527802372E-05   0.650316241E+02
   0.400000000E+00   0.100000000E-03   0.621348826E+00   0.101815317E-04   0.119266368E+03
   0.400000000E+00   0.177827900E-03   0.667485827E+00   0.195487986E-04   0.213754508E+03
   0.400000000E+00   0.316227800E-03   0.713746307E+00   0.375232469E-04   0.373832454E+03
   0.400000000E+00   0.562341300E-03   0.760559922E+00   0.725805423E-04   0.628602992E+03
   0.400000000E+00   0.100000000E-02   0.809976382E+00   0.143240933E-03   0.976940903E+03
   0.400000000E+00   0.177827940E-02   0.866307509E+00   0.297485338E-03   0.122997542E+04
   0.400000000E+00   0.316227770E-02   0.944411937E+00   0.711803542E-03   0.801220977E+03
   0.500000000E+00   0.316230000E-05   0.256808409E+00   0.103302234E-06   0.885299844E+00
   0.500000000E+00   0.562340000E-05   0.341684055E+00   0.244460280E-06   0.311807863E+01
   0.500000000E+00   0.100000000E-04   0.408599202E+00   0.522708476E-06   0.795719834E+01
   0.500000000E+00   0.177828000E-04   0.465442717E+00   0.106306782E-05   0.171052674E+02
   0.500000000E+00   0.316228000E-04   0.516660802E+00   0.210333776E-05   0.339047543E+02
   0.500000000E+00   0.562341000E-04   0.564985406E+00   0.409312260E-05   0.641475113E+02
   0.500000000E+00   0.100000000E-03   0.611199601E+00   0.789196414E-05   0.117885955E+03
   0.500000000E+00   0.177827900E-03   0.656582120E+00   0.151353372E-04   0.212029658E+03
   0.500000000E+00   0.316227800E-03   0.701945018E+00   0.289835442E-04   0.373376942E+03
   0.500000000E+00   0.562341300E-03   0.747557611E+00   0.557871126E-04   0.637226859E+03
   0.500000000E+00   0.100000000E-02   0.795048067E+00   0.108961914E-03   0.102486944E+04
   0.500000000E+00   0.177827940E-02   0.847282780E+00   0.220571076E-03   0.143827132E+04
   0.500000000E+00   0.316227770E-02   0.914049067E+00   0.496972539E-03   0.126624981E+04
   0.600000000E+00   0.316230000E-05   0.252054240E+00   0.834288833E-07   0.860458654E+00
   0.600000000E+00   0.562340000E-05   0.336234159E+00   0.198007737E-06   0.305489575E+01
   0.600000000E+00   0.100000000E-04   0.402626844E+00   0.424058096E-06   0.783243354E+01
   0.600000000E+00   0.177828000E-04   0.458952345E+00   0.863088187E-06   0.168718944E+02
   0.600000000E+00   0.316228000E-04   0.509656879E+00   0.170818595E-05   0.334863153E+02
   0.600000000E+00   0.562341000E-04   0.557459720E+00   0.332412442E-05   0.634268735E+02
   0.600000000E+00   0.100000000E-03   0.603136563E+00   0.640708023E-05   0.116725604E+03
   0.600000000E+00   0.177827900E-03   0.647938698E+00   0.122776201E-04   0.210434796E+03
   0.600000000E+00   0.316227800E-03   0.692629836E+00   0.234735374E-04   0.372223547E+03
   0.600000000E+00   0.562341300E-03   0.737381886E+00   0.450361363E-04   0.641270865E+03
   0.600000000E+00   0.100000000E-02   0.783572882E+00   0.873827457E-04   0.105340785E+04
   0.600000000E+00   0.177827940E-02   0.833380900E+00   0.174350469E-03   0.156056488E+04
   0.600000000E+00   0.316227770E-02   0.893152720E+00   0.375199907E-03   0.166292447E+04
   0.700000000E+00   0.316230000E-05   0.248142874E+00   0.693000875E-07   0.840168405E+00
   0.700000000E+00   0.562340000E-05   0.331742167E+00   0.164880203E-06   0.300296440E+01
   0.700000000E+00   0.100000000E-04   0.397702779E+00   0.353590346E-06   0.772947372E+01
   0.700000000E+00   0.177828000E-04   0.453601133E+00   0.720136657E-06   0.166787980E+02
   0.700000000E+00   0.316228000E-04   0.503883122E+00   0.142567491E-05   0.331385650E+02
   0.700000000E+00   0.562341000E-04   0.551258192E+00   0.277449895E-05   0.628226945E+02
   0.700000000E+00   0.100000000E-03   0.596497360E+00   0.534669126E-05   0.115732986E+03
   0.700000000E+00   0.177827900E-03   0.640832192E+00   0.102402078E-04   0.208992230E+03
   0.700000000E+00   0.316227800E-03   0.684992903E+00   0.195563251E-04   0.370823451E+03
   0.700000000E+00   0.562341300E-03   0.729086672E+00   0.374348390E-04   0.643014309E+03
   0.700000000E+00   0.100000000E-02   0.774327980E+00   0.722888969E-04   0.107144912E+04
   0.700000000E+00   0.177827940E-02   0.822475707E+00   0.142764629E-03   0.164224959E+04
   0.700000000E+00   0.316227770E-02   0.877925682E+00   0.298954409E-03   0.197660477E+04
   0.800000000E+00   0.316230000E-05   0.244862403E+00   0.582778833E-07   0.823253134E+00
   0.800000000E+00   0.562340000E-05   0.327968850E+00   0.138944775E-06   0.295943342E+01
   0.800000000E+00   0.100000000E-04   0.393565536E+00   0.298304701E-06   0.764286741E+01
   0.800000000E+00   0.177828000E-04   0.449104958E+00   0.607856877E-06   0.165159915E+02
   0.800000000E+00   0.316228000E-04   0.499032462E+00   0.120365074E-05   0.328442812E+02
   0.800000000E+00   0.562341000E-04   0.546049564E+00   0.234247595E-05   0.623078793E+02
   0.800000000E+00   0.100000000E-03   0.590924101E+00   0.451346940E-05   0.114874676E+03
   0.800000000E+00   0.177827900E-03   0.634872608E+00   0.864115969E-05   0.207697937E+03
   0.800000000E+00   0.316227800E-03   0.678600512E+00   0.164904483E-04   0.369368480E+03
   0.800000000E+00   0.562341300E-03   0.722168745E+00   0.315204703E-04   0.643517785E+03
   0.800000000E+00   0.100000000E-02   0.766676076E+00   0.606882624E-04   0.108331800E+04
   0.800000000E+00   0.177827940E-02   0.813595220E+00   0.119044383E-03   0.170048871E+04
   0.800000000E+00   0.316227770E-02   0.866217395E+00   0.244746278E-03   0.221934569E+04
   0.900000000E+00   0.316230000E-05   0.242134835E+00   0.469050787E-07   0.809246798E+00
   0.900000000E+00   0.562340000E-05   0.324827730E+00   0.112010930E-06   0.292319202E+01
   0.900000000E+00   0.100000000E-04   0.390121150E+00   0.240646763E-06   0.757050549E+01
   0.900000000E+00   0.177828000E-04   0.445361928E+00   0.490475297E-06   0.163795169E+02
   0.900000000E+00   0.316228000E-04   0.494994777E+00   0.971222390E-06   0.325964244E+02
   0.900000000E+00   0.562341000E-04   0.541714654E+00   0.188995764E-05   0.618710733E+02
   0.900000000E+00   0.100000000E-03   0.586286847E+00   0.364108259E-05   0.114137034E+03
   0.900000000E+00   0.177827900E-03   0.629915659E+00   0.696999394E-05   0.206555716E+03
   0.900000000E+00   0.316227800E-03   0.673286836E+00   0.133036339E-04   0.367972128E+03
   0.900000000E+00   0.562341300E-03   0.716426121E+00   0.254422095E-04   0.643377045E+03
   0.900000000E+00   0.100000000E-02   0.760346354E+00   0.490262318E-04   0.109142613E+04
   0.900000000E+00   0.177827940E-02   0.806313903E+00   0.962123525E-04   0.174356630E+04
   0.900000000E+00   0.316227770E-02   0.856941207E+00   0.196824485E-03   0.240466901E+04
   0.100000000E+01   0.316230000E-05   0.289949733E+00  -0.212555147E-02   0.185417498E+01
   0.100000000E+01   0.562340000E-05   0.349578798E+00  -0.267221616E-02   0.451743390E+01
   0.100000000E+01   0.100000000E-04   0.403171755E+00  -0.304491482E-02   0.941757992E+01
   0.100000000E+01   0.177828000E-04   0.453302408E+00  -0.324007044E-02   0.181510134E+02
   0.100000000E+01   0.316228000E-04   0.500302011E+00  -0.330345282E-02   0.339906751E+02
   0.100000000E+01   0.562341000E-04   0.545211209E+00  -0.326520917E-02   0.626346626E+02
   0.100000000E+01   0.100000000E-03   0.588420031E+00  -0.308477359E-02   0.115205085E+03
   0.100000000E+01   0.177827900E-03   0.630912960E+00  -0.273498854E-02   0.207540557E+03
   0.100000000E+01   0.316227800E-03   0.673167890E+00  -0.231438306E-02   0.369009103E+03
   0.100000000E+01   0.562341300E-03   0.715189906E+00  -0.192454610E-02   0.645743867E+03
   0.100000000E+01   0.100000000E-02   0.757939476E+00  -0.161087729E-02   0.110049251E+04
   0.100000000E+01   0.177827940E-02   0.802546729E+00  -0.134464802E-02   0.177961040E+04
   0.100000000E+01   0.316227770E-02   0.851162929E+00  -0.108958796E-02   0.254643319E+04
