 hih1=   3.200 Number of points =  130
   0.100000000E+00   0.316230000E-05   0.265891340E+00   0.610692625E-06   0.120264383E+01
   0.100000000E+00   0.562340000E-05   0.363391606E+00   0.143650276E-05   0.317545285E+01
   0.100000000E+00   0.100000000E-04   0.443095085E+00   0.311593181E-05   0.805925094E+01
   0.100000000E+00   0.177828000E-04   0.510240886E+00   0.643696636E-05   0.177357110E+02
   0.100000000E+00   0.316228000E-04   0.570116788E+00   0.129681537E-04   0.351521224E+02
   0.100000000E+00   0.562341000E-04   0.626665283E+00   0.258286205E-04   0.650700550E+02
   0.100000000E+00   0.100000000E-03   0.682186756E+00   0.514710940E-04   0.113936221E+03
   0.100000000E+00   0.177827900E-03   0.739463217E+00   0.103654688E-03   0.187391376E+03
   0.100000000E+00   0.316227800E-03   0.801356754E+00   0.213856459E-03   0.278812378E+03
   0.100000000E+00   0.562341300E-03   0.872716857E+00   0.459910087E-03   0.340679612E+03
   0.100000000E+00   0.100000000E-02   0.959288719E+00   0.102729415E-02   0.216694389E+03
   0.100000000E+00   0.177827940E-02   0.100013333E+01   0.144087847E-02   0.840034381E-01
   0.100000000E+00   0.316227770E-02   0.100013090E+01   0.143584518E-02   0.192046808E-02
   0.200000000E+00   0.316230000E-05   0.246644411E+00   0.270458471E-06   0.110695626E+01
   0.200000000E+00   0.562340000E-05   0.339835143E+00   0.642331533E-06   0.294556704E+01
   0.200000000E+00   0.100000000E-04   0.416623765E+00   0.140048113E-05   0.756857512E+01
   0.200000000E+00   0.177828000E-04   0.480988724E+00   0.289389725E-05   0.168726521E+02
   0.200000000E+00   0.316228000E-04   0.537905934E+00   0.581339499E-05   0.338524477E+02
   0.200000000E+00   0.562341000E-04   0.591097118E+00   0.115025561E-04   0.637002029E+02
   0.200000000E+00   0.100000000E-03   0.642503225E+00   0.226453239E-04   0.114625397E+03
   0.200000000E+00   0.177827900E-03   0.694237357E+00   0.446891082E-04   0.197931149E+03
   0.200000000E+00   0.316227800E-03   0.747934325E+00   0.892365140E-04   0.324028927E+03
   0.200000000E+00   0.562341300E-03   0.806076599E+00   0.182501812E-03   0.484634421E+03
   0.200000000E+00   0.100000000E-02   0.872922611E+00   0.388658665E-03   0.605388864E+03
   0.200000000E+00   0.177827940E-02   0.953443864E+00   0.862575792E-03   0.435171671E+03
   0.200000000E+00   0.316227770E-02   0.100034610E+01   0.129689374E-02   0.643499725E+00
   0.300000000E+00   0.316230000E-05   0.236291678E+00   0.168838401E-06   0.105554046E+01
   0.300000000E+00   0.562340000E-05   0.327096966E+00   0.403220404E-06   0.282110748E+01
   0.300000000E+00   0.100000000E-04   0.402313985E+00   0.882019349E-06   0.729483138E+01
   0.300000000E+00   0.177828000E-04   0.465222596E+00   0.182352891E-05   0.163719609E+02
   0.300000000E+00   0.316228000E-04   0.520635361E+00   0.365940745E-05   0.330260465E+02
   0.300000000E+00   0.562341000E-04   0.572196627E+00   0.722144386E-05   0.625385249E+02
   0.300000000E+00   0.100000000E-03   0.621724407E+00   0.141472444E-04   0.113652316E+03
   0.300000000E+00   0.177827900E-03   0.671099452E+00   0.276940173E-04   0.199595958E+03
   0.300000000E+00   0.316227800E-03   0.721573385E+00   0.546009827E-04   0.336904353E+03
   0.300000000E+00   0.562341300E-03   0.774884801E+00   0.109447126E-03   0.535432219E+03
   0.300000000E+00   0.100000000E-02   0.833877832E+00   0.226009107E-03   0.759559488E+03
   0.300000000E+00   0.177827940E-02   0.902978159E+00   0.488377909E-03   0.845449744E+03
   0.300000000E+00   0.316227770E-02   0.985166237E+00   0.108824150E-02   0.274516228E+03
   0.400000000E+00   0.316230000E-05   0.229307052E+00   0.120698296E-06   0.102093573E+01
   0.400000000E+00   0.562340000E-05   0.318471611E+00   0.289409286E-06   0.273704176E+01
   0.400000000E+00   0.100000000E-04   0.392621673E+00   0.634685607E-06   0.710697298E+01
   0.400000000E+00   0.177828000E-04   0.454556956E+00   0.131310148E-05   0.160227591E+02
   0.400000000E+00   0.316228000E-04   0.508977625E+00   0.263443522E-05   0.324299106E+02
   0.400000000E+00   0.562341000E-04   0.559488124E+00   0.519287516E-05   0.616261984E+02
   0.400000000E+00   0.100000000E-03   0.607844334E+00   0.101491913E-04   0.112583135E+03
   0.400000000E+00   0.177827900E-03   0.655805278E+00   0.197856140E-04   0.199464341E+03
   0.400000000E+00   0.316227800E-03   0.704430351E+00   0.387434565E-04   0.341950574E+03
   0.400000000E+00   0.562341300E-03   0.755108790E+00   0.768180034E-04   0.559441647E+03
   0.400000000E+00   0.100000000E-02   0.809961183E+00   0.155878437E-03   0.843346336E+03
   0.400000000E+00   0.177827940E-02   0.872506199E+00   0.329298788E-03   0.107376244E+04
   0.400000000E+00   0.316227770E-02   0.947722653E+00   0.723992192E-03   0.854518159E+03
   0.500000000E+00   0.316230000E-05   0.224084456E+00   0.932543271E-07   0.995116079E+00
   0.500000000E+00   0.562340000E-05   0.312004364E+00   0.224310842E-06   0.267417544E+01
   0.500000000E+00   0.100000000E-04   0.385351783E+00   0.492973177E-06   0.696495994E+01
   0.500000000E+00   0.177828000E-04   0.446562740E+00   0.102067105E-05   0.157562168E+02
   0.500000000E+00   0.316228000E-04   0.500251057E+00   0.204788567E-05   0.319663018E+02
   0.500000000E+00   0.562341000E-04   0.549996764E+00   0.403460848E-05   0.608852085E+02
   0.500000000E+00   0.100000000E-03   0.597518446E+00   0.787469128E-05   0.111595058E+03
   0.500000000E+00   0.177827900E-03   0.644498909E+00   0.153104599E-04   0.198789834E+03
   0.500000000E+00   0.316227800E-03   0.691880158E+00   0.298387558E-04   0.344043097E+03
   0.500000000E+00   0.562341300E-03   0.740844399E+00   0.587059358E-04   0.572662905E+03
   0.500000000E+00   0.100000000E-02   0.793113787E+00   0.117695820E-03   0.893393801E+03
   0.500000000E+00   0.177827940E-02   0.851454961E+00   0.244280268E-03   0.122286601E+04
   0.500000000E+00   0.316227770E-02   0.920614096E+00   0.530161292E-03   0.124949853E+04
   0.600000000E+00   0.316230000E-05   0.219946407E+00   0.750313385E-07   0.974700057E+00
   0.600000000E+00   0.562340000E-05   0.306868577E+00   0.180931287E-06   0.262438857E+01
   0.600000000E+00   0.100000000E-04   0.379576208E+00   0.398317310E-06   0.685160077E+01
   0.600000000E+00   0.177828000E-04   0.440214292E+00   0.825174964E-06   0.155421828E+02
   0.600000000E+00   0.316228000E-04   0.493326173E+00   0.165575330E-05   0.315900482E+02
   0.600000000E+00   0.562341000E-04   0.542475186E+00   0.326101211E-05   0.602692546E+02
   0.600000000E+00   0.100000000E-03   0.589355129E+00   0.635971090E-05   0.110719250E+03
   0.600000000E+00   0.177827900E-03   0.635596355E+00   0.123464447E-04   0.197966191E+03
   0.600000000E+00   0.316227800E-03   0.682061899E+00   0.239991985E-04   0.344836223E+03
   0.600000000E+00   0.562341300E-03   0.729796471E+00   0.470070116E-04   0.580658920E+03
   0.600000000E+00   0.100000000E-02   0.780266583E+00   0.935453292E-04   0.926139511E+03
   0.600000000E+00   0.177827940E-02   0.835706924E+00   0.191802284E-03   0.132855703E+04
   0.600000000E+00   0.316227770E-02   0.900453207E+00   0.410913285E-03   0.152840863E+04
   0.700000000E+00   0.316230000E-05   0.216546326E+00   0.622960507E-07   0.957948658E+00
   0.700000000E+00   0.562340000E-05   0.302640912E+00   0.150530433E-06   0.258348654E+01
   0.700000000E+00   0.100000000E-04   0.374820296E+00   0.331854368E-06   0.675786055E+01
   0.700000000E+00   0.177828000E-04   0.434988499E+00   0.687794080E-06   0.153642992E+02
   0.700000000E+00   0.316228000E-04   0.487629419E+00   0.138008427E-05   0.312746432E+02
   0.700000000E+00   0.562341000E-04   0.536294307E+00   0.271710589E-05   0.597433683E+02
   0.700000000E+00   0.100000000E-03   0.582659381E+00   0.529473460E-05   0.109937585E+03
   0.700000000E+00   0.177827900E-03   0.628316230E+00   0.102644834E-04   0.197101642E+03
   0.700000000E+00   0.316227800E-03   0.674070396E+00   0.199064629E-04   0.344940096E+03
   0.700000000E+00   0.562341300E-03   0.720867572E+00   0.388503294E-04   0.585683503E+03
   0.700000000E+00   0.100000000E-02   0.769995578E+00   0.768821050E-04   0.948772013E+03
   0.700000000E+00   0.177827940E-02   0.823321264E+00   0.156201141E-03   0.140661509E+04
   0.700000000E+00   0.316227770E-02   0.884719424E+00   0.330944271E-03   0.173892344E+04
   0.800000000E+00   0.316230000E-05   0.213692131E+00   0.525435625E-07   0.943895775E+00
   0.800000000E+00   0.562340000E-05   0.299086633E+00   0.127176787E-06   0.254913513E+01
   0.800000000E+00   0.100000000E-04   0.370820951E+00   0.280678592E-06   0.667868521E+01
   0.800000000E+00   0.177828000E-04   0.430595548E+00   0.581886762E-06   0.152133581E+02
   0.800000000E+00   0.316228000E-04   0.482843275E+00   0.116742033E-05   0.310049649E+02
   0.800000000E+00   0.562341000E-04   0.531106334E+00   0.229734020E-05   0.592868195E+02
   0.800000000E+00   0.100000000E-03   0.577047966E+00   0.447277887E-05   0.109235617E+03
   0.800000000E+00   0.177827900E-03   0.622229815E+00   0.865853091E-05   0.196241850E+03
   0.800000000E+00   0.316227800E-03   0.667413306E+00   0.167552877E-04   0.344649263E+03
   0.800000000E+00   0.562341300E-03   0.713468504E+00   0.325974780E-04   0.588870614E+03
   0.800000000E+00   0.100000000E-02   0.761549648E+00   0.642228521E-04   0.965018545E+03
   0.800000000E+00   0.177827940E-02   0.813260888E+00   0.129613701E-03   0.146518168E+04
   0.800000000E+00   0.316227770E-02   0.872040526E+00   0.272205278E-03   0.190459267E+04
   0.900000000E+00   0.316230000E-05   0.211304808E+00   0.429975233E-07   0.932113647E+00
   0.900000000E+00   0.562340000E-05   0.296110751E+00   0.104161615E-06   0.252029340E+01
   0.900000000E+00   0.100000000E-04   0.367472850E+00   0.229931184E-06   0.661179896E+01
   0.900000000E+00   0.177828000E-04   0.426920270E+00   0.476395763E-06   0.150849777E+02
   0.900000000E+00   0.316228000E-04   0.478842402E+00   0.954785341E-06   0.307731294E+02
   0.900000000E+00   0.562341000E-04   0.526774637E+00   0.187618044E-05   0.588871984E+02
   0.900000000E+00   0.100000000E-03   0.572370169E+00   0.364582353E-05   0.108600517E+03
   0.900000000E+00   0.177827900E-03   0.617166378E+00   0.704153592E-05   0.195399948E+03
   0.900000000E+00   0.316227800E-03   0.661888743E+00   0.135931890E-04   0.344106146E+03
   0.900000000E+00   0.562341300E-03   0.707346198E+00   0.263899225E-04   0.590828545E+03
   0.900000000E+00   0.100000000E-02   0.754587603E+00   0.519248904E-04   0.976958298E+03
   0.900000000E+00   0.177827940E-02   0.805018427E+00   0.104735933E-03   0.151024863E+04
   0.900000000E+00   0.316227770E-02   0.861699077E+00   0.219799363E-03   0.203864994E+04
   0.100000000E+01   0.316230000E-05   0.269193072E+00  -0.234654685E-02   0.428044169E+01
   0.100000000E+01   0.562340000E-05   0.325409860E+00  -0.306356830E-02   0.620608480E+01
   0.100000000E+01   0.100000000E-04   0.381346091E+00  -0.344704480E-02   0.959911240E+01
   0.100000000E+01   0.177828000E-04   0.435366035E+00  -0.353189031E-02   0.167228120E+02
   0.100000000E+01   0.316228000E-04   0.484787815E+00  -0.352005323E-02   0.318983376E+02
   0.100000000E+01   0.562341000E-04   0.530464419E+00  -0.348707439E-02   0.601477500E+02
   0.100000000E+01   0.100000000E-03   0.574592280E+00  -0.329116941E-02   0.109545656E+03
   0.100000000E+01   0.177827900E-03   0.618209771E+00  -0.290897184E-02   0.196189610E+03
   0.100000000E+01   0.316227800E-03   0.661738378E+00  -0.244562080E-02   0.345239504E+03
   0.100000000E+01   0.562341300E-03   0.705942558E+00  -0.201606489E-02   0.594033937E+03
   0.100000000E+01   0.100000000E-02   0.751789078E+00  -0.167503168E-02   0.988033054E+03
   0.100000000E+01   0.177827940E-02   0.800556260E+00  -0.139226217E-02   0.154731073E+04
   0.100000000E+01   0.316227770E-02   0.854976832E+00  -0.111821250E-02   0.214904059E+04
