 hih1=   8.000 Number of points =  165
   0.966728435E+00  -0.584443850E-02   0.238229779E+00   0.316238772E-01   0.267997534E+02
   0.966729474E+00  -0.585215160E-02   0.246599482E+00   0.327415191E-01   0.271034218E+02
   0.966731322E+00  -0.586586760E-02   0.281407228E+00   0.373911272E-01   0.276586382E+02
   0.966734608E+00  -0.589025860E-02   0.302393645E+00   0.401313036E-01   0.289165761E+02
   0.966740452E+00  -0.593363260E-02   0.367562602E+00   0.487974061E-01   0.320911255E+02
   0.966750843E+00  -0.601076380E-02   0.407045036E+00   0.539838166E-01   0.377862852E+02
   0.966769322E+00  -0.614792440E-02   0.435002807E+00   0.575110436E-01   0.480103936E+02
   0.966802182E+00  -0.639183440E-02   0.473245519E+00   0.622554562E-01   0.672131839E+02
   0.966860617E+00  -0.682557450E-02   0.463319008E+00   0.607264976E-01   0.729520786E+02
   0.966964531E+00  -0.759688550E-02   0.543111150E+00   0.701017595E-01   0.130442977E+03
   0.967149319E+00  -0.896849210E-02   0.607606728E+00   0.763881496E-01   0.211846689E+03
   0.967477924E+00  -0.114075918E-01   0.684556737E+00   0.825499980E-01   0.291752406E+03
   0.968062275E+00  -0.157449926E-01   0.797527865E+00   0.902172653E-01   0.249387347E+03
   0.969101414E+00  -0.234581031E-01   0.921394798E+00   0.953590309E-01   0.112254468E+03
   0.970949294E+00  -0.371741687E-01   0.942310369E+00   0.872378494E-01   0.143660672E+02
   0.765671056E+00  -0.299652641E-01   0.324252764E+00   0.346431658E-01   0.488736345E+02
   0.765671878E+00  -0.299730034E-01   0.327535461E+00   0.349950939E-01   0.491917668E+02
   0.765673339E+00  -0.299867660E-01   0.370473153E+00   0.394993394E-01   0.497751146E+02
   0.765675938E+00  -0.300112397E-01   0.454594719E+00   0.483141763E-01   0.510773456E+02
   0.765680560E+00  -0.300547608E-01   0.491570255E+00   0.521228219E-01   0.523612945E+02
   0.765688779E+00  -0.301321536E-01   0.556908272E+00   0.589616212E-01   0.595851581E+02
   0.765703394E+00  -0.302697796E-01   0.600221130E+00   0.634860453E-01   0.711220121E+02
   0.765729384E+00  -0.305145170E-01   0.633790930E+00   0.669199965E-01   0.884793515E+02
   0.765775602E+00  -0.309497285E-01   0.679268332E+00   0.715636351E-01   0.122880158E+03
   0.765857790E+00  -0.317236561E-01   0.676911337E+00   0.712436811E-01   0.123051033E+03
   0.766003943E+00  -0.330999157E-01   0.764033548E+00   0.798037590E-01   0.192312416E+03
   0.766263843E+00  -0.355472899E-01   0.856374007E+00   0.882756122E-01   0.220832227E+03
   0.766726019E+00  -0.398994049E-01   0.981958806E+00   0.986738297E-01   0.126261038E+03
   0.767547896E+00  -0.476386814E-01   0.102894340E+01   0.100651306E+00   0.183271562E+02
   0.769009425E+00  -0.614012775E-01   0.102787038E+01   0.965085294E-01   0.849196391E-01
   0.473497570E+00  -0.545438538E-01   0.332539971E+00   0.197799473E-01   0.331594982E+02
   0.473498013E+00  -0.545516239E-01   0.340566283E+00   0.202603125E-01   0.334650141E+02
   0.473498802E+00  -0.545654414E-01   0.400963489E+00   0.235660849E-01   0.340542473E+02
   0.473500204E+00  -0.545900128E-01   0.509738997E+00   0.294812532E-01   0.355123546E+02
   0.473502697E+00  -0.546337076E-01   0.580460638E+00   0.333546715E-01   0.386844896E+02
   0.473507131E+00  -0.547114091E-01   0.655342275E+00   0.374333080E-01   0.467978022E+02
   0.473515015E+00  -0.548495842E-01   0.692597755E+00   0.394032478E-01   0.574226806E+02
   0.473529036E+00  -0.550952980E-01   0.737570784E+00   0.418062513E-01   0.756273194E+02
   0.473553969E+00  -0.555322459E-01   0.728267218E+00   0.413713010E-01   0.760400414E+02
   0.473598308E+00  -0.563092613E-01   0.827386839E+00   0.465308513E-01   0.119612561E+03
   0.473677153E+00  -0.576910119E-01   0.922961449E+00   0.511267247E-01   0.139278294E+03
   0.473817363E+00  -0.601481504E-01   0.105117390E+01   0.564986576E-01   0.906148965E+02
   0.474066694E+00  -0.645176292E-01   0.110789624E+01   0.578860734E-01   0.174703056E+02
   0.474510076E+00  -0.722877835E-01   0.110680154E+01   0.559709959E-01   0.369552910E+00
   0.475298532E+00  -0.861052888E-01   0.110334752E+01   0.526062061E-01   0.605868899E-01
   0.192978671E+00  -0.569616902E-01   0.600425231E+00  -0.404573007E-01   0.283517363E+02
   0.192978181E+00  -0.569694576E-01   0.605349367E+00  -0.408093593E-01   0.286641361E+02
   0.192977310E+00  -0.569832701E-01   0.585734237E+00  -0.388198178E-01   0.245900222E+02
   0.192975762E+00  -0.570078327E-01   0.683269436E+00  -0.447623318E-01   0.268447920E+02
   0.192973008E+00  -0.570515119E-01   0.751660173E+00  -0.488886383E-01   0.313215411E+02
   0.192968111E+00  -0.571291856E-01   0.792067687E+00  -0.514648674E-01   0.362298540E+02
   0.192959403E+00  -0.572673112E-01   0.842416548E+00  -0.545412752E-01   0.403430532E+02
   0.192943918E+00  -0.575129371E-01   0.904957298E+00  -0.586248275E-01   0.489847944E+02
   0.192916381E+00  -0.579497287E-01   0.925793086E+00  -0.606719526E-01   0.436627761E+02
   0.192867413E+00  -0.587264660E-01   0.104484599E+01  -0.687176589E-01   0.478832372E+02
   0.192780334E+00  -0.601077221E-01   0.114839763E+01  -0.760452732E-01   0.251758777E+02
   0.192625482E+00  -0.625639813E-01   0.117003927E+01  -0.777358798E-01   0.334226133E+01
   0.192350113E+00  -0.669318966E-01   0.116761404E+01  -0.781278245E-01   0.114577281E+00
   0.191860430E+00  -0.746992703E-01   0.116109200E+01  -0.784113850E-01   0.570668083E-01
   0.190989636E+00  -0.885118310E-01   0.114944704E+01  -0.781570697E-01   0.563512666E-01
   0.227838417E-01  -0.250702561E-01   0.688387282E+00  -0.341734409E+00   0.299211747E+01
   0.227803329E-01  -0.250772031E-01   0.730922907E+00  -0.361426826E+00   0.359274230E+01
   0.227740934E-01  -0.250895568E-01   0.733357043E+00  -0.362747864E+00   0.359195841E+01
   0.227629978E-01  -0.251115251E-01   0.777464537E+00  -0.383446258E+00   0.401975349E+01
   0.227432667E-01  -0.251505908E-01   0.785217987E+00  -0.387655314E+00   0.401704724E+01
   0.227081793E-01  -0.252200607E-01   0.906942024E+00  -0.449990961E+00   0.336749857E+01
   0.226457840E-01  -0.253435975E-01   0.937722069E+00  -0.465679408E+00   0.208462498E+01
   0.225348279E-01  -0.255632805E-01   0.940320487E+00  -0.465966618E+00   0.564284394E+00
   0.223375169E-01  -0.259539383E-01   0.937316263E+00  -0.461163495E+00   0.414623679E-01
   0.219866427E-01  -0.266486369E-01   0.934096592E+00  -0.454551202E+00   0.302741835E-01
   0.213626905E-01  -0.278840051E-01   0.947939922E+00  -0.458358376E+00   0.135497805E+00
   0.202531290E-01  -0.300808351E-01   0.939781765E+00  -0.437187797E+00   0.394029292E-01
   0.182800187E-01  -0.339874125E-01   0.928320495E+00  -0.406297452E+00   0.493002762E-01
   0.147712773E-01  -0.409343987E-01   0.918308798E+00  -0.351541802E+00   0.489807626E-01
   0.853175460E-02  -0.532880813E-01   0.915969852E+00  -0.281784037E+00   0.483265034E-01
  -0.100000000E-04   0.000000000E+00   0.497867761E-01   0.479518044E-04   0.276648357E-02
  -0.177828000E-04   0.000000000E+00   0.505144659E-01   0.479607467E-04   0.284036983E-02
  -0.316228000E-04   0.000000000E+00   0.523422756E-01   0.481858885E-04   0.295059971E-02
  -0.562341000E-04   0.000000000E+00   0.545908126E-01   0.481026003E-04   0.317710803E-02
  -0.100000000E-03   0.000000000E+00   0.574201634E-01   0.480266027E-04   0.337013488E-02
  -0.177827900E-03   0.000000000E+00   0.631508627E-01   0.481026571E-04   0.428223640E-02
  -0.316227800E-03   0.000000000E+00   0.723822710E-01   0.480792396E-04   0.550734394E-02
  -0.562341300E-03   0.000000000E+00   0.884413912E-01   0.479930092E-04   0.790263998E-02
  -0.100000000E-02   0.000000000E+00   0.114910483E+00   0.476714187E-04   0.138981215E-01
  -0.177827940E-02   0.000000000E+00   0.158941214E+00   0.470045573E-04   0.283820037E-01
  -0.316227770E-02   0.000000000E+00   0.225153439E+00   0.455931518E-04   0.485733869E-01
  -0.562341330E-02   0.000000000E+00   0.317992348E+00   0.431793656E-04   0.482834750E-01
  -0.100000000E-01   0.000000000E+00   0.434059949E+00   0.391612192E-04   0.478956093E-01
  -0.177827941E-01   0.000000000E+00   0.561621763E+00   0.311728486E-04   0.473134734E-01
  -0.316227766E-01   0.000000000E+00   0.684790696E+00   0.199103352E-04   0.464941567E-01
   0.891015021E-01   0.448906659E-01   0.686382076E+00   0.136128169E+00   0.265441299E+01
   0.891000561E-01   0.448983132E-01   0.731374413E+00   0.144094379E+00   0.306142692E+01
   0.890974847E-01   0.449119122E-01   0.772317161E+00   0.151419160E+00   0.370863419E+01
   0.890929120E-01   0.449360950E-01   0.828640199E+00   0.162041586E+00   0.470579349E+01
   0.890847806E-01   0.449790989E-01   0.898746779E+00   0.174905481E+00   0.789013718E+01
   0.890703206E-01   0.450555717E-01   0.937318069E+00   0.182191177E+00   0.101191549E+02
   0.890446066E-01   0.451915618E-01   0.951340916E+00   0.183482228E+00   0.165658885E+02
   0.889988801E-01   0.454333902E-01   0.102566745E+01   0.197517035E+00   0.190247372E+02
   0.889175656E-01   0.458634286E-01   0.109495240E+01   0.210264123E+00   0.165883767E+02
   0.887729656E-01   0.466281571E-01   0.102348326E+01   0.197586877E+00   0.154636530E+02
   0.885158264E-01   0.479880581E-01   0.115214135E+01   0.220902645E+00   0.443422813E+01
   0.880585610E-01   0.504063419E-01   0.114953488E+01   0.219401594E+00   0.193595432E+00
   0.872454155E-01   0.547067263E-01   0.114225422E+01   0.216053579E+00   0.525184022E-01
   0.857994156E-01   0.623540114E-01   0.112808972E+01   0.208919159E+00   0.521551461E-01
   0.832280237E-01   0.759530209E-01   0.110630723E+01   0.194585076E+00   0.515732829E-01
   0.325071708E+00   0.598882494E-01   0.324029032E+00  -0.493582883E-02   0.804651938E+01
   0.325071792E+00   0.598960318E-01   0.335825792E+00  -0.511827903E-02   0.832111438E+01
   0.325071942E+00   0.599098709E-01   0.396171610E+00  -0.559347873E-02   0.892012371E+01
   0.325072209E+00   0.599344808E-01   0.485635060E+00  -0.609466730E-02   0.104781142E+02
   0.325072682E+00   0.599782441E-01   0.483591456E+00  -0.599958184E-02   0.124601668E+02
   0.325073524E+00   0.600560675E-01   0.622824625E+00  -0.692278195E-02   0.195028349E+02
   0.325075022E+00   0.601944593E-01   0.704183804E+00  -0.754951678E-02   0.327879352E+02
   0.325077685E+00   0.604405584E-01   0.772121510E+00  -0.805483166E-02   0.543359238E+02
   0.325082421E+00   0.608781915E-01   0.845674303E+00  -0.855530360E-02   0.856687107E+02
   0.325090843E+00   0.616564253E-01   0.929789258E+00  -0.892082511E-02   0.105205938E+03
   0.325105819E+00   0.630403425E-01   0.104780233E+01  -0.888151752E-02   0.809128134E+02
   0.325132451E+00   0.655013340E-01   0.114049471E+01  -0.803941482E-02   0.253613933E+02
   0.325179810E+00   0.698776645E-01   0.114542598E+01  -0.714750444E-02   0.263020262E+01
   0.325264028E+00   0.776600029E-01   0.114225209E+01  -0.543724656E-02   0.651707001E-01
   0.325413790E+00   0.914991751E-01   0.113597090E+01  -0.269850037E-02   0.589746315E-01
   0.624904159E+00   0.435469831E-01   0.337997586E+00  -0.295690369E-01   0.459729434E+02
   0.624904827E+00   0.435547371E-01   0.339436608E+00  -0.296945685E-01   0.463112875E+02
   0.624906016E+00   0.435685260E-01   0.370927466E+00  -0.323656940E-01   0.468892690E+02
   0.624908129E+00   0.435930464E-01   0.486014383E+00  -0.420730150E-01   0.482483523E+02
   0.624911887E+00   0.436366506E-01   0.549911020E+00  -0.474736991E-01   0.512392757E+02
   0.624918571E+00   0.437141911E-01   0.600071815E+00  -0.516261895E-01   0.565146155E+02
   0.624930455E+00   0.438520796E-01   0.647723170E+00  -0.556545118E-01   0.683936185E+02
   0.624951590E+00   0.440972841E-01   0.693824966E+00  -0.595176859E-01   0.891462840E+02
   0.624989173E+00   0.445333261E-01   0.735722182E+00  -0.629336078E-01   0.119060169E+03
   0.625056006E+00   0.453087306E-01   0.744068334E+00  -0.635745808E-01   0.117354668E+03
   0.625174854E+00   0.466876165E-01   0.833743654E+00  -0.706321639E-01   0.170769233E+03
   0.625386199E+00   0.491396609E-01   0.941771818E+00  -0.785495755E-01   0.161739743E+03
   0.625762030E+00   0.535000809E-01   0.105545827E+01  -0.856635671E-01   0.598339195E+02
   0.626430362E+00   0.612541260E-01   0.106811207E+01  -0.847119175E-01   0.452703667E+01
   0.627618844E+00   0.750429849E-01   0.106607227E+01  -0.811675858E-01   0.633205507E-01
   0.883134812E+00   0.165667663E-01   0.269841712E+00  -0.328799141E-01   0.421688111E+02
   0.883135755E+00   0.165744917E-01   0.275863758E+00  -0.336200413E-01   0.424446770E+02
   0.883137432E+00   0.165882297E-01   0.314886971E+00  -0.383472083E-01   0.429855388E+02
   0.883140415E+00   0.166126596E-01   0.389918570E+00  -0.474205765E-01   0.441832825E+02
   0.883145719E+00   0.166561029E-01   0.446620417E+00  -0.542747723E-01   0.468777712E+02
   0.883155152E+00   0.167333571E-01   0.505922920E+00  -0.614103534E-01   0.538247108E+02
   0.883171925E+00   0.168707368E-01   0.532712001E+00  -0.645569536E-01   0.638243896E+02
   0.883201753E+00   0.171150362E-01   0.572990379E+00  -0.693058354E-01   0.838203405E+02
   0.883254794E+00   0.175494688E-01   0.609494604E+00  -0.734564476E-01   0.115939716E+03
   0.883349118E+00   0.183220113E-01   0.619218542E+00  -0.744550633E-01   0.132004259E+03
   0.883516851E+00   0.196958078E-01   0.695246914E+00  -0.826911184E-01   0.206044549E+03
   0.883815127E+00   0.221388018E-01   0.777305101E+00  -0.907821034E-01   0.257965265E+03
   0.884345545E+00   0.264831278E-01   0.896541710E+00  -0.101535107E+00   0.194231213E+03
   0.885288776E+00   0.342085533E-01   0.983292284E+00  -0.106749137E+00   0.503987462E+02
   0.886966106E+00   0.479465182E-01   0.986365745E+00  -0.101018570E+00   0.117288239E+01
   0.100893070E+01   0.997530000E-05   0.957132062E-01  -0.217247995E-03   0.612725794E-01
   0.100893125E+01   0.177389000E-04   0.976461421E-01  -0.383235309E-03   0.185155618E+00
   0.100893222E+01   0.315446000E-04   0.101978849E+00  -0.654620920E-03   0.948342080E+00
   0.100893395E+01   0.560952000E-04   0.107177868E+00  -0.103659111E-02   0.271329690E+01
   0.100893703E+01   0.997529000E-04   0.122316386E+00  -0.289004298E-02   0.535780976E+01
   0.100894249E+01   0.177388500E-03   0.174782946E+00  -0.971274795E-02   0.110031079E+02
   0.100895222E+01   0.315446300E-03   0.166138845E+00  -0.724064958E-02   0.174535796E+02
   0.100896951E+01   0.560951700E-03   0.276082629E+00  -0.209503696E-01   0.362369767E+02
   0.100900026E+01   0.997528900E-03   0.345217088E+00  -0.272578781E-01   0.683005763E+02
   0.100905494E+01   0.177388510E-02   0.414628644E+00  -0.328304195E-01   0.121154868E+03
   0.100915217E+01   0.315446340E-02   0.489783543E+00  -0.384676919E-01   0.204968667E+03
   0.100932509E+01   0.560951730E-02   0.578995070E+00  -0.440927488E-01   0.301167479E+03
   0.100963257E+01   0.997528900E-02   0.701380808E+00  -0.505848910E-01   0.297031759E+03
   0.101017937E+01   0.177388511E-01   0.864766218E+00  -0.582850023E-01   0.175144064E+03
   0.101115173E+01   0.315446337E-01   0.921401192E+00  -0.584375144E-01   0.447847020E+02
