 hih1=   1.333 Number of points =  165
   0.966728435E+00  -0.584443850E-02   0.175566673E+00   0.236035793E-01   0.296163225E+01
   0.966729474E+00  -0.585215160E-02   0.197953086E+00   0.266108473E-01   0.322919051E+01
   0.966731322E+00  -0.586586760E-02   0.233607707E+00   0.313965016E-01   0.379627462E+01
   0.966734608E+00  -0.589025860E-02   0.281300498E+00   0.377877849E-01   0.515087528E+01
   0.966740452E+00  -0.593363260E-02   0.327355810E+00   0.439294422E-01   0.817359834E+01
   0.966750843E+00  -0.601076380E-02   0.310260044E+00   0.415968253E-01   0.101630879E+02
   0.966769322E+00  -0.614792440E-02   0.392829546E+00   0.525105931E-01   0.207052273E+02
   0.966802182E+00  -0.639183440E-02   0.446454075E+00   0.593388584E-01   0.410852554E+02
   0.966860617E+00  -0.682557450E-02   0.496620649E+00   0.653648456E-01   0.773311478E+02
   0.966964531E+00  -0.759688550E-02   0.549485111E+00   0.711634266E-01   0.137397178E+03
   0.967149319E+00  -0.896849210E-02   0.609158713E+00   0.768578473E-01   0.225216120E+03
   0.967477924E+00  -0.114075918E-01   0.682444639E+00   0.826185702E-01   0.315255931E+03
   0.968062275E+00  -0.157449926E-01   0.791057220E+00   0.898455191E-01   0.270998312E+03
   0.969101414E+00  -0.234581031E-01   0.933891531E+00   0.968318915E-01   0.363196791E+02
   0.970949294E+00  -0.371741687E-01   0.941953170E+00   0.873213649E-01   0.555536369E-01
   0.765671056E+00  -0.299652641E-01   0.259377753E+00   0.275680766E-01   0.689872519E+01
   0.765671878E+00  -0.299730034E-01   0.297479305E+00   0.316073274E-01   0.718447195E+01
   0.765673339E+00  -0.299867660E-01   0.347487711E+00   0.369023846E-01   0.794950980E+01
   0.765675938E+00  -0.300112397E-01   0.405915665E+00   0.430895507E-01   0.963180961E+01
   0.765680560E+00  -0.300547608E-01   0.459891042E+00   0.487994781E-01   0.131857145E+02
   0.765688779E+00  -0.301321536E-01   0.507069268E+00   0.537781101E-01   0.198739659E+02
   0.765703394E+00  -0.302697796E-01   0.501846771E+00   0.532157586E-01   0.239728762E+02
   0.765729384E+00  -0.305145170E-01   0.581837782E+00   0.616110793E-01   0.457309867E+02
   0.765775602E+00  -0.309497285E-01   0.642829473E+00   0.679102189E-01   0.839525716E+02
   0.765857790E+00  -0.317236561E-01   0.702257952E+00   0.738846781E-01   0.144475983E+03
   0.766003943E+00  -0.330999157E-01   0.767857688E+00   0.802018198E-01   0.220827001E+03
   0.766263843E+00  -0.355472899E-01   0.852176475E+00   0.878431646E-01   0.243748160E+03
   0.766726019E+00  -0.398994049E-01   0.982748480E+00   0.988201045E-01   0.130339150E+03
   0.767547896E+00  -0.476386814E-01   0.102884873E+01   0.100612729E+00   0.524523341E-01
   0.769009425E+00  -0.614012775E-01   0.102769717E+01   0.964670928E-01   0.518469198E-01
   0.473497570E+00  -0.545438538E-01   0.288041445E+00   0.165296291E-01   0.451725921E+01
   0.473498013E+00  -0.545516239E-01   0.330387591E+00   0.189290511E-01   0.487423525E+01
   0.473498802E+00  -0.545654414E-01   0.398852228E+00   0.228049109E-01   0.572538557E+01
   0.473500204E+00  -0.545900128E-01   0.467645662E+00   0.266998888E-01   0.765272695E+01
   0.473502697E+00  -0.546337076E-01   0.531755203E+00   0.303277370E-01   0.116530347E+02
   0.473507131E+00  -0.547114091E-01   0.507031627E+00   0.289394363E-01   0.137498228E+02
   0.473515015E+00  -0.548495842E-01   0.618171757E+00   0.352015191E-01   0.267369350E+02
   0.473529036E+00  -0.550952980E-01   0.691926304E+00   0.393069171E-01   0.499068082E+02
   0.473553969E+00  -0.555322459E-01   0.760108631E+00   0.430107382E-01   0.871029248E+02
   0.473598308E+00  -0.563092613E-01   0.831859979E+00   0.467388299E-01   0.135792292E+03
   0.473677153E+00  -0.576910119E-01   0.919182346E+00   0.509464225E-01   0.156760030E+03
   0.473817363E+00  -0.601481504E-01   0.105042637E+01   0.565757418E-01   0.903117297E+02
   0.474066694E+00  -0.645176292E-01   0.110849985E+01   0.579764820E-01   0.506060975E-01
   0.474510076E+00  -0.722877835E-01   0.110656093E+01   0.559953554E-01   0.503709856E-01
   0.475298532E+00  -0.861052888E-01   0.110314119E+01   0.526237246E-01   0.498370432E-01
   0.192978671E+00  -0.569616902E-01   0.382294485E+00  -0.244232267E-01   0.457054842E+01
   0.192978181E+00  -0.569694576E-01   0.435044876E+00  -0.276851390E-01   0.508742574E+01
   0.192977310E+00  -0.569832701E-01   0.507556405E+00  -0.321987002E-01   0.620968069E+01
   0.192975762E+00  -0.570078327E-01   0.578798116E+00  -0.366497278E-01   0.850972684E+01
   0.192973008E+00  -0.570515119E-01   0.645162533E+00  -0.408182058E-01   0.129426213E+02
   0.192968111E+00  -0.571291856E-01   0.640721929E+00  -0.406234067E-01   0.154060047E+02
   0.192959403E+00  -0.572673112E-01   0.752275947E+00  -0.476720856E-01   0.287056286E+02
   0.192943918E+00  -0.575129371E-01   0.839662161E+00  -0.533309476E-01   0.485819865E+02
   0.192916381E+00  -0.579497287E-01   0.930564950E+00  -0.594292008E-01   0.666412011E+02
   0.192867413E+00  -0.587264660E-01   0.104943059E+01  -0.678499652E-01   0.545088457E+02
   0.192780334E+00  -0.601077221E-01   0.117319126E+01  -0.772953129E-01   0.414307798E+01
   0.192625482E+00  -0.625639813E-01   0.117206791E+01  -0.775996992E-01   0.447362065E-01
   0.192350113E+00  -0.669318966E-01   0.116815112E+01  -0.779180708E-01   0.454123379E-01
   0.191860430E+00  -0.746992703E-01   0.116131990E+01  -0.782385662E-01   0.453766164E-01
   0.190989636E+00  -0.885118310E-01   0.114974777E+01  -0.781135869E-01   0.450880920E-01
   0.227838417E-01  -0.250702561E-01   0.621877225E+00  -0.316549731E+00   0.993989422E+00
   0.227803329E-01  -0.250772031E-01   0.649415937E+00  -0.329987894E+00   0.114141285E+01
   0.227740934E-01  -0.250895568E-01   0.709248845E+00  -0.360022359E+00   0.170427108E+01
   0.227629978E-01  -0.251115251E-01   0.752915016E+00  -0.381519488E+00   0.251066371E+01
   0.227432667E-01  -0.251505908E-01   0.809463582E+00  -0.409658494E+00   0.367456924E+01
   0.227081793E-01  -0.252200607E-01   0.879929564E+00  -0.444819405E+00   0.404966551E+01
   0.226457840E-01  -0.253435975E-01   0.952855586E+00  -0.481386090E+00   0.236368623E+01
   0.225348279E-01  -0.255632805E-01   0.904322500E+00  -0.456851203E+00   0.323440690E+01
   0.223375169E-01  -0.259539383E-01   0.970819144E+00  -0.488334036E+00   0.592929488E-01
   0.219866427E-01  -0.266486369E-01   0.965889394E+00  -0.481313999E+00   0.416937660E-01
   0.213626905E-01  -0.278840051E-01   0.957957738E+00  -0.468902386E+00   0.415355656E-01
   0.202531290E-01  -0.300808351E-01   0.946278008E+00  -0.447427658E+00   0.413924714E-01
   0.182800187E-01  -0.339874125E-01   0.931548982E+00  -0.411046561E+00   0.413038087E-01
   0.147712773E-01  -0.409343987E-01   0.918895640E+00  -0.355193188E+00   0.410211296E-01
   0.853175460E-02  -0.532880813E-01   0.917315110E+00  -0.281956786E+00   0.406175947E-01
  -0.100000000E-04   0.000000000E+00   0.665974351E-03   0.703934449E-06   0.159711823E-07
  -0.177828000E-04   0.000000000E+00   0.108104562E-02   0.916484585E-06   0.104500482E-06
  -0.316228000E-04   0.000000000E+00   0.194488290E-02   0.120487022E-05   0.871381166E-06
  -0.562341000E-04   0.000000000E+00   0.374060029E-02   0.148567533E-05   0.101778615E-04
  -0.100000000E-03   0.000000000E+00   0.720889865E-02   0.162246009E-05   0.150986994E-03
  -0.177827900E-03   0.000000000E+00   0.134239564E-01   0.163086123E-05   0.658147910E-02
  -0.316227800E-03   0.000000000E+00   0.242594695E-01   0.161967483E-05   0.415781690E-01
  -0.562341300E-03   0.000000000E+00   0.428573053E-01   0.160229077E-05   0.414363102E-01
  -0.100000000E-02   0.000000000E+00   0.739742462E-01   0.157888528E-05   0.412827856E-01
  -0.177827940E-02   0.000000000E+00   0.123909277E+00   0.155219072E-05   0.411250418E-01
  -0.316227770E-02   0.000000000E+00   0.198963982E+00   0.151737275E-05   0.409565119E-01
  -0.562341330E-02   0.000000000E+00   0.301784045E+00   0.144949926E-05   0.407667856E-01
  -0.100000000E-01   0.000000000E+00   0.426864512E+00   0.132001047E-05   0.405265862E-01
  -0.177827941E-01   0.000000000E+00   0.560152641E+00   0.106919254E-05   0.401532998E-01
  -0.316227766E-01   0.000000000E+00   0.685017358E+00   0.724676820E-06   0.396305345E-01
   0.891015021E-01   0.448906659E-01   0.494494896E+00   0.943066837E-01   0.103179268E+02
   0.891000561E-01   0.448983132E-01   0.547982138E+00   0.104297574E+00   0.107083659E+02
   0.890974847E-01   0.449119122E-01   0.614049401E+00   0.116680240E+00   0.116591176E+02
   0.890929120E-01   0.449360950E-01   0.682022142E+00   0.129433418E+00   0.135486915E+02
   0.890847806E-01   0.449790989E-01   0.747099720E+00   0.141692946E+00   0.169812350E+02
   0.890703206E-01   0.450555717E-01   0.815793449E+00   0.154709314E+00   0.226447933E+02
   0.890446066E-01   0.451915618E-01   0.781934452E+00   0.148645728E+00   0.193012621E+02
   0.889988801E-01   0.454333902E-01   0.935815571E+00   0.177991890E+00   0.270309764E+02
   0.889175656E-01   0.458634286E-01   0.107262791E+01   0.204769448E+00   0.204328629E+02
   0.887729656E-01   0.466281571E-01   0.116015190E+01   0.222038472E+00   0.107673793E+01
   0.885158264E-01   0.479880581E-01   0.115737543E+01   0.221140786E+00   0.428265262E-01
   0.880585610E-01   0.504063419E-01   0.115224754E+01   0.219382482E+00   0.426913031E-01
   0.872454155E-01   0.547067263E-01   0.114350658E+01   0.215958908E+00   0.429274510E-01
   0.857994156E-01   0.623540114E-01   0.112916380E+01   0.209098845E+00   0.427432476E-01
   0.832280237E-01   0.759530209E-01   0.110748370E+01   0.195372965E+00   0.424115671E-01
   0.325071708E+00   0.598882494E-01   0.186793327E+00  -0.212194216E-02   0.298961856E+00
   0.325071792E+00   0.598960318E-01   0.326386310E+00  -0.375720950E-02   0.107957670E+01
   0.325071942E+00   0.599098709E-01   0.282677716E+00  -0.316944164E-02   0.122577941E+01
   0.325072209E+00   0.599344808E-01   0.423250887E+00  -0.462245084E-02   0.286206765E+01
   0.325072682E+00   0.599782441E-01   0.529982939E+00  -0.572970334E-02   0.684501719E+01
   0.325073524E+00   0.600560675E-01   0.614126780E+00  -0.659593988E-02   0.145569986E+02
   0.325075022E+00   0.601944593E-01   0.689628348E+00  -0.734554080E-02   0.283730830E+02
   0.325077685E+00   0.604405584E-01   0.762053961E+00  -0.800591431E-02   0.513174570E+02
   0.325082421E+00   0.608781915E-01   0.836471310E+00  -0.856922597E-02   0.842044907E+02
   0.325090843E+00   0.616564253E-01   0.920881632E+00  -0.897870896E-02   0.110989776E+03
   0.325105819E+00   0.630403425E-01   0.103930713E+01  -0.905061479E-02   0.811682732E+02
   0.325132451E+00   0.655013340E-01   0.114773013E+01  -0.830216999E-02   0.198988294E+01
   0.325179810E+00   0.698776645E-01   0.114569570E+01  -0.727482863E-02   0.483919928E-01
   0.325264028E+00   0.776600029E-01   0.114212614E+01  -0.554727780E-02   0.485657704E-01
   0.325413790E+00   0.914991751E-01   0.113590475E+01  -0.277953363E-02   0.481420304E-01
   0.624904159E+00   0.435469831E-01   0.282465639E+00  -0.243974520E-01   0.666517974E+01
   0.624904827E+00   0.435547371E-01   0.319116492E+00  -0.275443759E-01   0.702815734E+01
   0.624906016E+00   0.435685260E-01   0.376101117E+00  -0.324391860E-01   0.776727884E+01
   0.624908129E+00   0.435930464E-01   0.440534730E+00  -0.379684888E-01   0.963199221E+01
   0.624911887E+00   0.436366506E-01   0.498776284E+00  -0.429651950E-01   0.133995108E+02
   0.624918571E+00   0.437141911E-01   0.549872341E+00  -0.473390268E-01   0.204259127E+02
   0.624930455E+00   0.438520796E-01   0.553611947E+00  -0.476548682E-01   0.252860160E+02
   0.624951590E+00   0.440972841E-01   0.632833783E+00  -0.543916341E-01   0.478073279E+02
   0.624989173E+00   0.445333261E-01   0.697550644E+00  -0.598088351E-01   0.861149887E+02
   0.625056006E+00   0.453087306E-01   0.762292311E+00  -0.650802551E-01   0.143180192E+03
   0.625174854E+00   0.466876165E-01   0.835433676E+00  -0.707654155E-01   0.201961784E+03
   0.625386199E+00   0.491396609E-01   0.937460483E+00  -0.781862120E-01   0.171835944E+03
   0.625762030E+00   0.535000809E-01   0.106705593E+01  -0.865621047E-01   0.142635674E+02
   0.626430362E+00   0.612541260E-01   0.106784061E+01  -0.846698901E-01   0.514780678E-01
   0.627618844E+00   0.750429849E-01   0.106587147E+01  -0.811334862E-01   0.508970835E-01
   0.883134812E+00   0.165667663E-01   0.233077601E+00  -0.284539291E-01   0.550019057E+01
   0.883135755E+00   0.165744917E-01   0.261427033E+00  -0.319073019E-01   0.582817026E+01
   0.883137432E+00   0.165882297E-01   0.302887719E+00  -0.369559147E-01   0.651550689E+01
   0.883140415E+00   0.166126596E-01   0.357757967E+00  -0.436358815E-01   0.805728517E+01
   0.883145719E+00   0.166561029E-01   0.407394474E+00  -0.496665143E-01   0.113895073E+02
   0.883155152E+00   0.167333571E-01   0.253149039E+00  -0.308647544E-01   0.126747285E+02
   0.883171925E+00   0.168707368E-01   0.457740541E+00  -0.557374504E-01   0.225148692E+02
   0.883201753E+00   0.171150362E-01   0.526510387E+00  -0.639763431E-01   0.435934531E+02
   0.883254794E+00   0.175494688E-01   0.582427690E+00  -0.705121328E-01   0.811650322E+02
   0.883349118E+00   0.183220113E-01   0.637881966E+00  -0.767410590E-01   0.142633838E+03
   0.883516851E+00   0.196958078E-01   0.698971333E+00  -0.831968992E-01   0.227773988E+03
   0.883815127E+00   0.221388018E-01   0.774478261E+00  -0.905386500E-01   0.289563144E+03
   0.884345545E+00   0.264831278E-01   0.892376384E+00  -0.101160175E+00   0.196957788E+03
   0.885288776E+00   0.342085533E-01   0.986173905E+00  -0.107110073E+00   0.864302153E+00
   0.886966106E+00   0.479465182E-01   0.986269972E+00  -0.101048422E+00   0.531096341E-01
   0.100893070E+01   0.997530000E-05   0.362874978E-01  -0.642692661E-03   0.287602083E-02
   0.100893125E+01   0.177389000E-04   0.397468542E-01  -0.112611724E-02   0.270708617E-01
   0.100893222E+01   0.315446000E-04   0.530071780E-01  -0.285883228E-02   0.291320254E+00
   0.100893395E+01   0.560952000E-04   0.685153784E-01  -0.457423177E-02   0.126965728E+01
   0.100893703E+01   0.997529000E-04   0.122511319E+00  -0.118596585E-01   0.346467640E+01
   0.100894249E+01   0.177388500E-03   0.181166217E+00  -0.183119450E-01   0.809589825E+01
   0.100895222E+01   0.315446300E-03   0.237408892E+00  -0.230195631E-01   0.173398051E+02
   0.100896951E+01   0.560951700E-03   0.292937780E+00  -0.269408497E-01   0.348860406E+02
   0.100900026E+01   0.997528900E-03   0.352252615E+00  -0.306175163E-01   0.666582723E+02
   0.100905494E+01   0.177388510E-02   0.417921014E+00  -0.344497229E-01   0.121373879E+03
   0.100915217E+01   0.315446340E-02   0.492484094E+00  -0.387458075E-01   0.207645680E+03
   0.100932509E+01   0.560951730E-02   0.580728100E+00  -0.437803727E-01   0.316310535E+03
   0.100963257E+01   0.997528900E-02   0.697614425E+00  -0.501239116E-01   0.345856384E+03
   0.101017937E+01   0.177388511E-01   0.873128944E+00  -0.586196129E-01   0.137984326E+03
   0.101115173E+01   0.315446337E-01   0.921360414E+00  -0.584053156E-01   0.598669053E-01
