 hih1=   1.600 Number of points =  130
   0.100000000E+00   0.316230000E-05   0.334061691E+00   0.736105840E-06   0.948749969E+00
   0.100000000E+00   0.562340000E-05   0.424425673E+00   0.166280806E-05   0.482380364E+01
   0.100000000E+00   0.100000000E-04   0.482096950E+00   0.336198675E-05   0.127879133E+02
   0.100000000E+00   0.177828000E-04   0.531554345E+00   0.660522756E-05   0.248607605E+02
   0.100000000E+00   0.316228000E-04   0.580029798E+00   0.128770282E-04   0.445891790E+02
   0.100000000E+00   0.562341000E-04   0.629392083E+00   0.250831538E-04   0.778181276E+02
   0.100000000E+00   0.100000000E-03   0.680245233E+00   0.493248540E-04   0.131381414E+03
   0.100000000E+00   0.177827900E-03   0.734583044E+00   0.993531748E-04   0.209159419E+03
   0.100000000E+00   0.316227800E-03   0.795432250E+00   0.208355137E-03   0.302822010E+03
   0.100000000E+00   0.562341300E-03   0.867023095E+00   0.456312644E-03   0.374592062E+03
   0.100000000E+00   0.100000000E-02   0.950336010E+00   0.100100080E-02   0.319812927E+03
   0.100000000E+00   0.177827940E-02   0.100008846E+01   0.153841453E-02   0.533391016E+01
   0.100000000E+00   0.316227770E-02   0.100012788E+01   0.153276669E-02   0.976062640E-01
   0.200000000E+00   0.316230000E-05   0.309460937E+00   0.329443171E-06   0.807116372E+00
   0.200000000E+00   0.562340000E-05   0.399271704E+00   0.755556974E-06   0.433922041E+01
   0.200000000E+00   0.100000000E-04   0.455654981E+00   0.153331426E-05   0.120218129E+02
   0.200000000E+00   0.177828000E-04   0.502981654E+00   0.301140345E-05   0.237260664E+02
   0.200000000E+00   0.316228000E-04   0.549014833E+00   0.585600182E-05   0.429001376E+02
   0.200000000E+00   0.562341000E-04   0.595538390E+00   0.113322438E-04   0.759437646E+02
   0.200000000E+00   0.100000000E-03   0.642645531E+00   0.219361781E-04   0.132391904E+03
   0.200000000E+00   0.177827900E-03   0.691224467E+00   0.428120745E-04   0.224258378E+03
   0.200000000E+00   0.316227800E-03   0.742715376E+00   0.854860060E-04   0.359257940E+03
   0.200000000E+00   0.562341300E-03   0.800009923E+00   0.177488538E-03   0.525334065E+03
   0.200000000E+00   0.100000000E-02   0.867175695E+00   0.384740313E-03   0.662867205E+03
   0.200000000E+00   0.177827940E-02   0.945551818E+00   0.843166723E-03   0.598003025E+03
   0.200000000E+00   0.316227770E-02   0.100019063E+01   0.138528365E-02   0.302563201E+02
   0.300000000E+00   0.316230000E-05   0.296051386E+00   0.206072239E-06   0.735013919E+00
   0.300000000E+00   0.562340000E-05   0.385496580E+00   0.476972771E-06   0.407500787E+01
   0.300000000E+00   0.100000000E-04   0.441237477E+00   0.970556813E-06   0.115888676E+02
   0.300000000E+00   0.177828000E-04   0.487437837E+00   0.190684097E-05   0.230710113E+02
   0.300000000E+00   0.316228000E-04   0.532202990E+00   0.370649395E-05   0.418433024E+02
   0.300000000E+00   0.562341000E-04   0.577351007E+00   0.716187411E-05   0.743612502E+02
   0.300000000E+00   0.100000000E-03   0.622860064E+00   0.138064221E-04   0.130812622E+03
   0.300000000E+00   0.177827900E-03   0.669276560E+00   0.266816733E-04   0.226165312E+03
   0.300000000E+00   0.316227800E-03   0.717378858E+00   0.522414642E-04   0.376774358E+03
   0.300000000E+00   0.562341300E-03   0.769143327E+00   0.105290841E-03   0.586551938E+03
   0.300000000E+00   0.100000000E-02   0.827932798E+00   0.221308973E-03   0.821193960E+03
   0.300000000E+00   0.177827940E-02   0.897341027E+00   0.483942449E-03   0.952111909E+03
   0.300000000E+00   0.316227770E-02   0.974148204E+00   0.102466642E-02   0.647604392E+03
   0.400000000E+00   0.316230000E-05   0.286950533E+00   0.147693613E-06   0.688153903E+00
   0.400000000E+00   0.562340000E-05   0.376110486E+00   0.344113030E-06   0.389619132E+01
   0.400000000E+00   0.100000000E-04   0.431437730E+00   0.701652989E-06   0.112897067E+02
   0.400000000E+00   0.177828000E-04   0.476882399E+00   0.137906370E-05   0.226164956E+02
   0.400000000E+00   0.316228000E-04   0.520798151E+00   0.268042051E-05   0.410940626E+02
   0.400000000E+00   0.562341000E-04   0.565045682E+00   0.517644740E-05   0.731575547E+02
   0.400000000E+00   0.100000000E-03   0.609564863E+00   0.996237632E-05   0.129202153E+03
   0.400000000E+00   0.177827900E-03   0.654753903E+00   0.191700412E-04   0.225487496E+03
   0.400000000E+00   0.316227800E-03   0.701064039E+00   0.371724183E-04   0.383237406E+03
   0.400000000E+00   0.562341300E-03   0.749911979E+00   0.736329765E-04   0.617800003E+03
   0.400000000E+00   0.100000000E-02   0.804029065E+00   0.151321147E-03   0.913272782E+03
   0.400000000E+00   0.177827940E-02   0.866928514E+00   0.325165016E-03   0.117236534E+04
   0.400000000E+00   0.316227770E-02   0.940842340E+00   0.710618013E-03   0.111467142E+04
   0.500000000E+00   0.316230000E-05   0.280124539E+00   0.113921452E-06   0.654109705E+00
   0.500000000E+00   0.562340000E-05   0.369046840E+00   0.266796278E-06   0.376248214E+01
   0.500000000E+00   0.100000000E-04   0.424075520E+00   0.544912348E-06   0.110625907E+02
   0.500000000E+00   0.177828000E-04   0.468956997E+00   0.107137538E-05   0.222711466E+02
   0.500000000E+00   0.316228000E-04   0.512238751E+00   0.208244046E-05   0.405195880E+02
   0.500000000E+00   0.562341000E-04   0.555821128E+00   0.402069364E-05   0.722064895E+02
   0.500000000E+00   0.100000000E-03   0.599629671E+00   0.773166779E-05   0.127792041E+03
   0.500000000E+00   0.177827900E-03   0.643984707E+00   0.148438966E-04   0.224177302E+03
   0.500000000E+00   0.316227800E-03   0.689153847E+00   0.286268620E-04   0.385490290E+03
   0.500000000E+00   0.562341300E-03   0.736194370E+00   0.560924225E-04   0.635370790E+03
   0.500000000E+00   0.100000000E-02   0.787352364E+00   0.113421215E-03   0.972810926E+03
   0.500000000E+00   0.177827940E-02   0.845795817E+00   0.239711547E-03   0.132433755E+04
   0.500000000E+00   0.316227770E-02   0.915030092E+00   0.523871432E-03   0.145175502E+04
   0.600000000E+00   0.316230000E-05   0.274705258E+00   0.918870820E-07   0.627753684E+00
   0.600000000E+00   0.562340000E-05   0.363422527E+00   0.216100744E-06   0.365663650E+01
   0.600000000E+00   0.100000000E-04   0.418221321E+00   0.441990794E-06   0.108806093E+02
   0.600000000E+00   0.177828000E-04   0.462657557E+00   0.869288551E-06   0.219944643E+02
   0.600000000E+00   0.316228000E-04   0.505436919E+00   0.168974653E-05   0.400571905E+02
   0.600000000E+00   0.562341000E-04   0.548495120E+00   0.326216424E-05   0.714284689E+02
   0.600000000E+00   0.100000000E-03   0.591752841E+00   0.627018226E-05   0.126577832E+03
   0.600000000E+00   0.177827900E-03   0.635484158E+00   0.120220332E-04   0.222749721E+03
   0.600000000E+00   0.316227800E-03   0.679843698E+00   0.231070752E-04   0.385901150E+03
   0.600000000E+00   0.562341300E-03   0.725646551E+00   0.449522609E-04   0.645739726E+03
   0.600000000E+00   0.100000000E-02   0.774767116E+00   0.898257008E-04   0.101369350E+04
   0.600000000E+00   0.177827940E-02   0.830019871E+00   0.187214587E-03   0.143586968E+04
   0.600000000E+00   0.316227770E-02   0.895175341E+00   0.406258097E-03   0.170822295E+04
   0.700000000E+00   0.316230000E-05   0.270250676E+00   0.761462530E-07   0.606533836E+00
   0.700000000E+00   0.562340000E-05   0.358787552E+00   0.179716761E-06   0.356986290E+01
   0.700000000E+00   0.100000000E-04   0.413402162E+00   0.368018080E-06   0.107298920E+02
   0.700000000E+00   0.177828000E-04   0.457473541E+00   0.724001757E-06   0.217654110E+02
   0.700000000E+00   0.316228000E-04   0.499840162E+00   0.140743775E-05   0.396733508E+02
   0.700000000E+00   0.562341000E-04   0.542469080E+00   0.271705654E-05   0.707761184E+02
   0.700000000E+00   0.100000000E-03   0.585280337E+00   0.522109556E-05   0.125528482E+03
   0.700000000E+00   0.177827900E-03   0.628518124E+00   0.100024449E-04   0.221365502E+03
   0.700000000E+00   0.316227800E-03   0.672262637E+00   0.191839015E-04   0.385448543E+03
   0.700000000E+00   0.562341300E-03   0.717158812E+00   0.371383432E-04   0.651988174E+03
   0.700000000E+00   0.100000000E-02   0.764792993E+00   0.735713535E-04   0.104286568E+04
   0.700000000E+00   0.177827940E-02   0.817660724E+00   0.151632389E-03   0.152110293E+04
   0.700000000E+00   0.316227770E-02   0.879490337E+00   0.326374928E-03   0.191100575E+04
   0.800000000E+00   0.316230000E-05   0.266521670E+00   0.636823072E-07   0.589076972E+00
   0.800000000E+00   0.562340000E-05   0.354898736E+00   0.150755466E-06   0.349738833E+01
   0.800000000E+00   0.100000000E-04   0.409362540E+00   0.309032623E-06   0.106028917E+02
   0.800000000E+00   0.177828000E-04   0.453129202E+00   0.608104982E-06   0.215724690E+02
   0.800000000E+00   0.316228000E-04   0.495150205E+00   0.118223504E-05   0.393494073E+02
   0.800000000E+00   0.562341000E-04   0.537420263E+00   0.228235158E-05   0.702216841E+02
   0.800000000E+00   0.100000000E-03   0.579860714E+00   0.438530948E-05   0.124618623E+03
   0.800000000E+00   0.177827900E-03   0.622695160E+00   0.839756531E-05   0.220081142E+03
   0.800000000E+00   0.316227800E-03   0.665952056E+00   0.160850409E-04   0.384591518E+03
   0.800000000E+00   0.562341300E-03   0.710152391E+00   0.310417383E-04   0.655754709E+03
   0.800000000E+00   0.100000000E-02   0.756655962E+00   0.611311582E-04   0.106424901E+04
   0.800000000E+00   0.177827940E-02   0.807678693E+00   0.124983063E-03   0.158812293E+04
   0.800000000E+00   0.316227770E-02   0.866803528E+00   0.267284636E-03   0.207589735E+04
   0.900000000E+00   0.316230000E-05   0.263435268E+00   0.506100711E-07   0.574833978E+00
   0.900000000E+00   0.562340000E-05   0.351673796E+00   0.120118580E-06   0.343747633E+01
   0.900000000E+00   0.100000000E-04   0.406015285E+00   0.246430324E-06   0.104970316E+02
   0.900000000E+00   0.177828000E-04   0.449530120E+00   0.485000525E-06   0.214115492E+02
   0.900000000E+00   0.316228000E-04   0.491264566E+00   0.943021212E-06   0.390785202E+02
   0.900000000E+00   0.562341000E-04   0.533237048E+00   0.182098300E-05   0.697549084E+02
   0.900000000E+00   0.100000000E-03   0.575370747E+00   0.350004319E-05   0.123840326E+03
   0.900000000E+00   0.177827900E-03   0.617874154E+00   0.670513812E-05   0.218931412E+03
   0.900000000E+00   0.316227800E-03   0.660737834E+00   0.128479303E-04   0.383583306E+03
   0.900000000E+00   0.562341300E-03   0.704389242E+00   0.247947552E-04   0.657997039E+03
   0.900000000E+00   0.100000000E-02   0.750006888E+00   0.488038948E-04   0.108026098E+04
   0.900000000E+00   0.177827940E-02   0.799562760E+00   0.997699878E-04   0.164196488E+04
   0.900000000E+00   0.316227770E-02   0.856461142E+00   0.213939915E-03   0.221282986E+04
   0.100000000E+01   0.316230000E-05   0.314716550E+00  -0.486607269E-02   0.821756349E+01
   0.100000000E+01   0.562340000E-05   0.371953389E+00  -0.562984652E-02   0.100272601E+02
   0.100000000E+01   0.100000000E-04   0.416262991E+00  -0.569126071E-02   0.155290987E+02
   0.100000000E+01   0.177828000E-04   0.457151285E+00  -0.541271488E-02   0.255509769E+02
   0.100000000E+01   0.316228000E-04   0.496951704E+00  -0.505822915E-02   0.427544115E+02
   0.100000000E+01   0.562341000E-04   0.537294620E+00  -0.459238171E-02   0.728220558E+02
   0.100000000E+01   0.100000000E-03   0.578123101E+00  -0.392253408E-02   0.125968973E+03
   0.100000000E+01   0.177827900E-03   0.619431485E+00  -0.317177009E-02   0.220121350E+03
   0.100000000E+01   0.316227800E-03   0.661122916E+00  -0.253702457E-02   0.384601513E+03
   0.100000000E+01   0.562341300E-03   0.703530068E+00  -0.208468536E-02   0.661705047E+03
   0.100000000E+01   0.100000000E-02   0.747714009E+00  -0.174906401E-02   0.109551721E+04
   0.100000000E+01   0.177827940E-02   0.795433992E+00  -0.147398315E-02   0.168917760E+04
   0.100000000E+01   0.316227770E-02   0.849898001E+00  -0.120372551E-02   0.233046783E+04
