 hih1=   4.923 Number of points =  130
   0.100000000E+00   0.100000000E-05   0.398792933E+00   0.248017446E-06   0.105432115E+02
   0.100000000E+00   0.177830000E-05   0.441957853E+00   0.487990394E-06   0.213913514E+02
   0.100000000E+00   0.316230000E-05   0.483712856E+00   0.949135941E-06   0.390372237E+02
   0.100000000E+00   0.562340000E-05   0.525693015E+00   0.183278937E-05   0.696862668E+02
   0.100000000E+00   0.100000000E-04   0.567247419E+00   0.352520456E-05   0.123740775E+03
   0.100000000E+00   0.177828000E-04   0.609431570E+00   0.674951031E-05   0.218876861E+03
   0.100000000E+00   0.316228000E-04   0.652379369E+00   0.128978881E-04   0.384196994E+03
   0.100000000E+00   0.562341000E-04   0.695542336E+00   0.247822807E-04   0.661396483E+03
   0.100000000E+00   0.100000000E-03   0.740368126E+00   0.483434128E-04   0.109343035E+04
   0.100000000E+00   0.177827900E-03   0.789224631E+00   0.970525793E-04   0.168725454E+04
   0.100000000E+00   0.316227800E-03   0.844854570E+00   0.203492021E-03   0.232902483E+04
   0.100000000E+00   0.562341300E-03   0.910109670E+00   0.444900836E-03   0.260003499E+04
   0.100000000E+00   0.100000000E-02   0.980400733E+00   0.937918675E-03   0.148605567E+04
   0.200000000E+00   0.100000000E-05   0.379044411E+00   0.114272504E-06   0.990784348E+01
   0.200000000E+00   0.177830000E-05   0.420730057E+00   0.225077357E-06   0.204226733E+02
   0.200000000E+00   0.316230000E-05   0.460776783E+00   0.437996027E-06   0.374071528E+02
   0.200000000E+00   0.562340000E-05   0.500986698E+00   0.845955756E-06   0.668555840E+02
   0.200000000E+00   0.100000000E-04   0.540767640E+00   0.162678210E-05   0.118893176E+03
   0.200000000E+00   0.177828000E-04   0.581097073E+00   0.311117243E-05   0.211020391E+03
   0.200000000E+00   0.316228000E-04   0.622001174E+00   0.592566014E-05   0.373428702E+03
   0.200000000E+00   0.562341000E-04   0.662686500E+00   0.112849080E-04   0.655868944E+03
   0.200000000E+00   0.100000000E-03   0.703956731E+00   0.215739995E-04   0.113185084E+04
   0.200000000E+00   0.177827900E-03   0.747072595E+00   0.417576522E-04   0.188385357E+04
   0.200000000E+00   0.316227800E-03   0.793411347E+00   0.831403076E-04   0.293279016E+04
   0.200000000E+00   0.562341300E-03   0.845326126E+00   0.173219375E-03   0.408637947E+04
   0.200000000E+00   0.100000000E-02   0.907048739E+00   0.374454512E-03   0.472769441E+04
   0.300000000E+00   0.100000000E-05   0.368185370E+00   0.726836756E-07   0.955322856E+01
   0.300000000E+00   0.177830000E-05   0.409069187E+00   0.143257882E-06   0.198839664E+02
   0.300000000E+00   0.316230000E-05   0.448178292E+00   0.278871053E-06   0.365018144E+02
   0.300000000E+00   0.562340000E-05   0.487416605E+00   0.538727536E-06   0.652735689E+02
   0.300000000E+00   0.100000000E-04   0.526231454E+00   0.103606160E-05   0.116131095E+03
   0.300000000E+00   0.177828000E-04   0.565570841E+00   0.198111768E-05   0.206303355E+03
   0.300000000E+00   0.316228000E-04   0.605436078E+00   0.377064333E-05   0.365854195E+03
   0.300000000E+00   0.562341000E-04   0.644986358E+00   0.716527332E-05   0.646045487E+03
   0.300000000E+00   0.100000000E-03   0.684842582E+00   0.136220027E-04   0.112931886E+04
   0.300000000E+00   0.177827900E-03   0.725881038E+00   0.260460938E-04   0.193038513E+04
   0.300000000E+00   0.316227800E-03   0.768831223E+00   0.507122099E-04   0.314980998E+04
   0.300000000E+00   0.562341300E-03   0.815289353E+00   0.102395456E-03   0.473042381E+04
   0.300000000E+00   0.100000000E-02   0.869203031E+00   0.215670744E-03   0.627493183E+04
   0.400000000E+00   0.100000000E-05   0.360755664E+00   0.527664447E-07   0.930849354E+01
   0.400000000E+00   0.177830000E-05   0.401096022E+00   0.104053207E-06   0.195129844E+02
   0.400000000E+00   0.316230000E-05   0.439564112E+00   0.202604328E-06   0.358794632E+02
   0.400000000E+00   0.562340000E-05   0.478137518E+00   0.391457210E-06   0.641841910E+02
   0.400000000E+00   0.100000000E-04   0.516292582E+00   0.752910732E-06   0.114217634E+03
   0.400000000E+00   0.177828000E-04   0.554959956E+00   0.143967382E-05   0.202984261E+03
   0.400000000E+00   0.316228000E-04   0.594131086E+00   0.273945306E-05   0.360295889E+03
   0.400000000E+00   0.562341000E-04   0.632952284E+00   0.520123193E-05   0.637711505E+03
   0.400000000E+00   0.100000000E-03   0.671965135E+00   0.986480307E-05   0.112111921E+04
   0.400000000E+00   0.177827900E-03   0.711868596E+00   0.187570059E-04   0.194085558E+04
   0.400000000E+00   0.316227800E-03   0.753048269E+00   0.360971920E-04   0.324691676E+04
   0.400000000E+00   0.562341300E-03   0.796588626E+00   0.714826936E-04   0.508287018E+04
   0.400000000E+00   0.100000000E-02   0.845949245E+00   0.147190651E-03   0.720416059E+04
   0.500000000E+00   0.100000000E-05   0.355148311E+00   0.411491958E-07   0.912265829E+01
   0.500000000E+00   0.177830000E-05   0.395081474E+00   0.811766794E-07   0.192316980E+02
   0.500000000E+00   0.316230000E-05   0.433066039E+00   0.158092161E-06   0.354083418E+02
   0.500000000E+00   0.562340000E-05   0.471137386E+00   0.305494119E-06   0.633589887E+02
   0.500000000E+00   0.100000000E-04   0.508794666E+00   0.587627502E-06   0.112764050E+03
   0.500000000E+00   0.177828000E-04   0.546956442E+00   0.112366458E-05   0.200444492E+03
   0.500000000E+00   0.316228000E-04   0.585609176E+00   0.213794597E-05   0.355962170E+03
   0.500000000E+00   0.562341000E-04   0.623896346E+00   0.405750419E-05   0.630825804E+03
   0.500000000E+00   0.100000000E-03   0.662316818E+00   0.768628340E-05   0.111243296E+04
   0.500000000E+00   0.177827900E-03   0.701472667E+00   0.145709726E-04   0.193954974E+04
   0.500000000E+00   0.316227800E-03   0.741548303E+00   0.278522402E-04   0.329380189E+04
   0.500000000E+00   0.562341300E-03   0.783279458E+00   0.544578551E-04   0.529629788E+04
   0.500000000E+00   0.100000000E-02   0.829713347E+00   0.110227569E-03   0.782411395E+04
   0.600000000E+00   0.100000000E-05   0.350669114E+00   0.335943594E-07   0.897352022E+01
   0.600000000E+00   0.177830000E-05   0.390278932E+00   0.662930631E-07   0.190061931E+02
   0.600000000E+00   0.316230000E-05   0.427877421E+00   0.129125298E-06   0.350311700E+02
   0.600000000E+00   0.562340000E-05   0.465547523E+00   0.249544477E-06   0.626981519E+02
   0.600000000E+00   0.100000000E-04   0.502807124E+00   0.480043603E-06   0.111598049E+03
   0.600000000E+00   0.177828000E-04   0.540565590E+00   0.917978071E-06   0.198398654E+03
   0.600000000E+00   0.316228000E-04   0.578806475E+00   0.174653048E-05   0.352434497E+03
   0.600000000E+00   0.562341000E-04   0.616674025E+00   0.331388007E-05   0.625046789E+03
   0.600000000E+00   0.100000000E-03   0.654640751E+00   0.627309741E-05   0.110431262E+04
   0.600000000E+00   0.177827900E-03   0.693249293E+00   0.118701518E-04   0.193391238E+04
   0.600000000E+00   0.316227800E-03   0.732556667E+00   0.225915172E-04   0.331650493E+04
   0.600000000E+00   0.562341300E-03   0.773052890E+00   0.437844491E-04   0.543318297E+04
   0.600000000E+00   0.100000000E-02   0.817451335E+00   0.874797153E-04   0.826361758E+04
   0.700000000E+00   0.100000000E-05   0.346965626E+00   0.280487503E-07   0.884974764E+01
   0.700000000E+00   0.177830000E-05   0.386309443E+00   0.553667700E-07   0.188191904E+02
   0.700000000E+00   0.316230000E-05   0.423588834E+00   0.107859516E-06   0.347187803E+02
   0.700000000E+00   0.562340000E-05   0.460927017E+00   0.208467708E-06   0.621507746E+02
   0.700000000E+00   0.100000000E-04   0.497857704E+00   0.401055713E-06   0.110631287E+03
   0.700000000E+00   0.177828000E-04   0.535282890E+00   0.766967919E-06   0.196698171E+03
   0.700000000E+00   0.316228000E-04   0.573184267E+00   0.145921833E-05   0.349484191E+03
   0.700000000E+00   0.562341000E-04   0.610708247E+00   0.276838997E-05   0.620127912E+03
   0.700000000E+00   0.100000000E-03   0.648309561E+00   0.523828449E-05   0.109699544E+04
   0.700000000E+00   0.177827900E-03   0.686491424E+00   0.990093216E-05   0.192681909E+04
   0.700000000E+00   0.316227800E-03   0.725225526E+00   0.187919703E-04   0.332684128E+04
   0.700000000E+00   0.562341300E-03   0.764824387E+00   0.362058955E-04   0.552502815E+04
   0.700000000E+00   0.100000000E-02   0.807734383E+00   0.716682187E-04   0.858971973E+04
   0.800000000E+00   0.100000000E-05   0.343833982E+00   0.238549556E-07   0.874475678E+01
   0.800000000E+00   0.177830000E-05   0.382953857E+00   0.470999634E-07   0.186606525E+02
   0.800000000E+00   0.316230000E-05   0.419963509E+00   0.917659625E-07   0.344542040E+02
   0.800000000E+00   0.562340000E-05   0.457020902E+00   0.177377305E-06   0.616871049E+02
   0.800000000E+00   0.100000000E-04   0.493673355E+00   0.341266713E-06   0.109811575E+03
   0.800000000E+00   0.177828000E-04   0.530816774E+00   0.652663319E-06   0.195253111E+03
   0.800000000E+00   0.316228000E-04   0.568431572E+00   0.124177258E-05   0.346964118E+03
   0.800000000E+00   0.562341000E-04   0.605666843E+00   0.235573201E-05   0.615868935E+03
   0.800000000E+00   0.100000000E-03   0.642964532E+00   0.445635055E-05   0.109040096E+04
   0.800000000E+00   0.177827900E-03   0.680800071E+00   0.841685626E-05   0.191920784E+04
   0.800000000E+00   0.316227800E-03   0.719085074E+00   0.159450063E-04   0.332982154E+04
   0.800000000E+00   0.562341300E-03   0.757999248E+00   0.305873194E-04   0.558685810E+04
   0.800000000E+00   0.100000000E-02   0.799770324E+00   0.600956661E-04   0.883546102E+04
   0.900000000E+00   0.100000000E-05   0.341199201E+00   0.195400172E-07   0.865617535E+01
   0.900000000E+00   0.177830000E-05   0.380131384E+00   0.385881350E-07   0.185269367E+02
   0.900000000E+00   0.316230000E-05   0.416914136E+00   0.751897592E-07   0.342312147E+02
   0.900000000E+00   0.562340000E-05   0.453735145E+00   0.145348716E-06   0.612962029E+02
   0.900000000E+00   0.100000000E-04   0.490153322E+00   0.279669844E-06   0.109119831E+03
   0.900000000E+00   0.177828000E-04   0.527059498E+00   0.534914356E-06   0.194031346E+03
   0.900000000E+00   0.316228000E-04   0.564433108E+00   0.101785873E-05   0.344825520E+03
   0.900000000E+00   0.562341000E-04   0.601425856E+00   0.193121541E-05   0.612223254E+03
   0.900000000E+00   0.100000000E-03   0.638469960E+00   0.365376704E-05   0.108462417E+04
   0.900000000E+00   0.177827900E-03   0.676020237E+00   0.690119313E-05   0.191195194E+04
   0.900000000E+00   0.316227800E-03   0.713944208E+00   0.130693967E-04   0.332934064E+04
   0.900000000E+00   0.562341300E-03   0.752320182E+00   0.250412312E-04   0.563072596E+04
   0.900000000E+00   0.100000000E-02   0.793197740E+00   0.490931519E-04   0.902836773E+04
   0.100000000E+01   0.100000000E-05   0.374435188E+00  -0.170486725E-02   0.435059355E+02
   0.100000000E+01   0.177830000E-05   0.398067396E+00  -0.208266493E-02   0.501666238E+02
   0.100000000E+01   0.316230000E-05   0.425331284E+00  -0.240288108E-02   0.624490350E+02
   0.100000000E+01   0.562340000E-05   0.457863669E+00  -0.254797274E-02   0.861415734E+02
   0.100000000E+01   0.100000000E-04   0.493221866E+00  -0.248639067E-02   0.131210008E+03
   0.100000000E+01   0.177828000E-04   0.529611121E+00  -0.233801523E-02   0.213768895E+03
   0.100000000E+01   0.316228000E-04   0.566206674E+00  -0.217790024E-02   0.361824605E+03
   0.100000000E+01   0.562341000E-04   0.602469281E+00  -0.196899350E-02   0.624886779E+03
   0.100000000E+01   0.100000000E-03   0.638782863E+00  -0.172125945E-02   0.109160109E+04
   0.100000000E+01   0.177827900E-03   0.675555148E+00  -0.148836327E-02   0.191474315E+04
   0.100000000E+01   0.316227800E-03   0.712654579E+00  -0.130416829E-02   0.333638006E+04
   0.100000000E+01   0.562341300E-03   0.750108265E+00  -0.115310141E-02   0.567320156E+04
   0.100000000E+01   0.100000000E-02   0.789810694E+00  -0.101582393E-02   0.919340828E+04
