 hih1=   2.667 Number of points =  165
   0.951026782E+00  -0.173626279E+00   0.175465042E+00  -0.716406105E-02   0.143574373E+01
   0.951026466E+00  -0.173634056E+00   0.202395925E+00  -0.826724792E-02   0.161501171E+01
   0.951025904E+00  -0.173647884E+00   0.291850816E+00  -0.118922431E-01   0.217438639E+01
   0.951024904E+00  -0.173672475E+00   0.358911401E+00  -0.146293274E-01   0.356926218E+01
   0.951023127E+00  -0.173716205E+00   0.327389558E+00  -0.133819095E-01   0.663668296E+01
   0.951019967E+00  -0.173793969E+00   0.456008275E+00  -0.186203661E-01   0.131785027E+02
   0.951014347E+00  -0.173932255E+00   0.513596463E+00  -0.210287638E-01   0.260262760E+02
   0.951004353E+00  -0.174178165E+00   0.564143891E+00  -0.232195905E-01   0.460007418E+02
   0.950986580E+00  -0.174615463E+00   0.616553576E+00  -0.256067363E-01   0.770965316E+02
   0.950954976E+00  -0.175393100E+00   0.673421545E+00  -0.283922516E-01   0.119946201E+03
   0.950898775E+00  -0.176775957E+00   0.738811259E+00  -0.319127482E-01   0.167065559E+03
   0.950798834E+00  -0.179235062E+00   0.816613112E+00  -0.366211824E-01   0.192497033E+03
   0.950621111E+00  -0.183608039E+00   0.901782250E+00  -0.426888745E-01   0.129990631E+03
   0.950305071E+00  -0.191384414E+00   0.929916256E+00  -0.466946392E-01   0.987334384E-02
   0.949743061E+00  -0.205212981E+00   0.930403273E+00  -0.501953750E-01   0.102647552E-01
   0.748835379E+00  -0.162467408E+00   0.186399806E+00  -0.128701305E-01   0.476544228E+01
   0.748834844E+00  -0.162475172E+00   0.255131259E+00  -0.175929852E-01   0.477028013E+01
   0.748833894E+00  -0.162488980E+00   0.320468887E+00  -0.220852135E-01   0.526234620E+01
   0.748832204E+00  -0.162513533E+00   0.414219138E+00  -0.285374662E-01   0.682883188E+01
   0.748829198E+00  -0.162557196E+00   0.472570856E+00  -0.325613386E-01   0.110719369E+02
   0.748823853E+00  -0.162634840E+00   0.522014697E+00  -0.359683445E-01   0.190496435E+02
   0.748814348E+00  -0.162772913E+00   0.487606522E+00  -0.336550392E-01   0.245774357E+02
   0.748797445E+00  -0.163018445E+00   0.599942489E+00  -0.413758956E-01   0.449368025E+02
   0.748767388E+00  -0.163455070E+00   0.662251779E+00  -0.457089002E-01   0.736722074E+02
   0.748713937E+00  -0.164231512E+00   0.724779920E+00  -0.501186122E-01   0.109399503E+03
   0.748618887E+00  -0.165612243E+00   0.795805315E+00  -0.552397040E-01   0.141324968E+03
   0.748449861E+00  -0.168067567E+00   0.877357488E+00  -0.613384105E-01   0.136653922E+03
   0.748149287E+00  -0.172433820E+00   0.943258354E+00  -0.665106733E-01   0.234494953E+02
   0.747614781E+00  -0.180198238E+00   0.943930250E+00  -0.664179873E-01   0.992326794E-02
   0.746664280E+00  -0.194005543E+00   0.942684218E+00  -0.660408610E-01   0.102352036E-01
   0.456832637E+00  -0.135937200E+00   0.180361151E+00  -0.213531463E-01   0.633895515E+01
   0.456831724E+00  -0.135944929E+00   0.256760563E+00  -0.303589827E-01   0.630061115E+01
   0.456830101E+00  -0.135958674E+00   0.328465501E+00  -0.388165905E-01   0.661922029E+01
   0.456827215E+00  -0.135983115E+00   0.432091316E+00  -0.510552646E-01   0.824014212E+01
   0.456822083E+00  -0.136026579E+00   0.492711492E+00  -0.582251127E-01   0.123626174E+02
   0.456812957E+00  -0.136103870E+00   0.545144979E+00  -0.644148472E-01   0.200385402E+02
   0.456796729E+00  -0.136241315E+00   0.595136060E+00  -0.703173414E-01   0.311979558E+02
   0.456767869E+00  -0.136485731E+00   0.540788253E+00  -0.640731286E-01   0.336220003E+02
   0.456716549E+00  -0.136920370E+00   0.683995330E+00  -0.809268485E-01   0.576294773E+02
   0.456625288E+00  -0.137693281E+00   0.762485473E+00  -0.902836178E-01   0.781066166E+02
   0.456463000E+00  -0.139067731E+00   0.844459090E+00  -0.100195060E+00   0.785849714E+02
   0.456174407E+00  -0.141511888E+00   0.910839137E+00  -0.108239609E+00   0.206878802E+02
   0.455661208E+00  -0.145858281E+00   0.915078536E+00  -0.108022645E+00   0.981063097E-02
   0.454748597E+00  -0.153587384E+00   0.913616177E+00  -0.106438796E+00   0.997930738E-02
   0.453125719E+00  -0.167331888E+00   0.911523693E+00  -0.103613612E+00   0.101756540E-01
   0.180155597E+00  -0.896067086E-01   0.231202802E+00  -0.561893692E-01   0.610001158E+01
   0.180153767E+00  -0.896142730E-01   0.255501348E+00  -0.621368726E-01   0.619833696E+01
   0.180150510E+00  -0.896277245E-01   0.360262725E+00  -0.873341988E-01   0.643908382E+01
   0.180144720E+00  -0.896516450E-01   0.429613938E+00  -0.104142498E+00   0.727627954E+01
   0.180134424E+00  -0.896941824E-01   0.501921651E+00  -0.121568107E+00   0.997422515E+01
   0.180116113E+00  -0.897698258E-01   0.552138796E+00  -0.133670193E+00   0.146485172E+02
   0.180083552E+00  -0.899043408E-01   0.598921963E+00  -0.144937783E+00   0.194502205E+02
   0.180025650E+00  -0.901435462E-01   0.656167945E+00  -0.158704990E+00   0.242495262E+02
   0.179922683E+00  -0.905689202E-01   0.636944201E+00  -0.154235389E+00   0.994594904E+01
   0.179739580E+00  -0.913253539E-01   0.730598457E+00  -0.176167345E+00   0.135781022E+02
   0.179413971E+00  -0.926705045E-01   0.769547644E+00  -0.184297487E+00   0.418748409E-01
   0.178834948E+00  -0.950625580E-01   0.768766125E+00  -0.181319847E+00   0.980877028E-02
   0.177805282E+00  -0.993162976E-01   0.767572380E+00  -0.176061374E+00   0.997261421E-02
   0.175974249E+00  -0.106880635E+00   0.765997340E+00  -0.166853945E+00   0.100342224E-01
   0.172718160E+00  -0.120332141E+00   0.764807340E+00  -0.151045618E+00   0.101005679E-01
   0.180842996E-01  -0.286457551E-01  -0.113195252E-01   0.447270282E-01   0.821441545E-02
   0.180796378E-01  -0.286519872E-01  -0.106269860E-01   0.445079881E-01   0.824959993E-02
   0.180713478E-01  -0.286630697E-01  -0.715314670E-02   0.407326760E-01   0.750738845E-02
   0.180566059E-01  -0.286827775E-01  -0.290095620E-03   0.358041144E-01   0.760272482E-02
   0.180303907E-01  -0.287178233E-01   0.886627362E-02   0.299695257E-01   0.779001800E-02
   0.179837727E-01  -0.287801447E-01   0.144731776E-01   0.251890749E-01   0.730585585E-02
   0.179008728E-01  -0.288909695E-01   0.139219153E-01   0.257981384E-01   0.729713479E-02
   0.177534538E-01  -0.290880469E-01   0.136044618E-01   0.287654409E-01   0.828861013E-02
   0.174913015E-01  -0.294385055E-01   0.143889889E-01   0.343372620E-01   0.919882020E-02
   0.170251215E-01  -0.300617190E-01   0.841147967E-02   0.419596001E-01   0.856881059E-02
   0.161961232E-01  -0.311699667E-01   0.260580712E-01   0.617136271E-01   0.992365868E-02
   0.147219325E-01  -0.331407408E-01   0.607823603E-01   0.934427108E-01   0.100871581E-01
   0.121004097E-01  -0.366453277E-01   0.121946475E+00   0.137017553E+00   0.100988258E-01
   0.743860950E-02  -0.428774624E-01   0.221417308E+00   0.184696625E+00   0.100942709E-01
  -0.851373600E-03  -0.539599394E-01   0.360272487E+00   0.216965896E+00   0.100800180E-01
  -0.984810000E-05   0.173650000E-05   0.287178586E+00   0.144413330E+01   0.406723352E+00
  -0.175126000E-04   0.308790000E-05   0.293371229E+00   0.147372075E+01   0.388086666E+00
  -0.311424000E-04   0.549120000E-05   0.329366405E+00   0.168698426E+01   0.123065408E+01
  -0.553798000E-04   0.976500000E-05   0.408809640E+00   0.190154813E+01   0.628399498E+00
  -0.984808000E-04   0.173648000E-04   0.401538793E+00   0.195146844E+01   0.135581071E+01
  -0.175126300E-03   0.308795000E-04   0.368960067E+00   0.198512600E+01   0.191682619E+01
  -0.311423600E-03   0.549124000E-04   0.391479609E+00   0.209276747E+01   0.107521951E-01
  -0.553798100E-03   0.976495000E-04   0.403903781E+00   0.205939267E+01   0.904361646E-02
  -0.984807800E-03   0.173648200E-03   0.424697263E+00   0.200337397E+01   0.100815630E-01
  -0.175126340E-02   0.308795000E-03   0.458008363E+00   0.191291872E+01   0.102031297E-01
  -0.311423560E-02   0.549123800E-03   0.507913535E+00   0.177478948E+01   0.102337840E-01
  -0.553798100E-02   0.976495500E-03   0.576268168E+00   0.158185138E+01   0.102252313E-01
  -0.984807750E-02   0.173648180E-02   0.659901931E+00   0.134401207E+01   0.101982166E-01
  -0.175126335E-01   0.308794980E-02   0.747848218E+00   0.108305980E+01   0.100476635E-01
  -0.311423556E-01   0.549123750E-02   0.828623507E+00   0.829164561E+00   0.100184686E-01
   0.955430324E-01   0.287363623E-01   0.467603358E+00   0.670200595E-02   0.242012510E+01
   0.955429363E-01   0.287441445E-01   0.577969675E+00   0.913103160E-02   0.566033688E+01
   0.955427654E-01   0.287579835E-01   0.498702806E+00   0.753075700E-02   0.521345003E+01
   0.955424616E-01   0.287825930E-01   0.716199473E+00   0.960844654E-02   0.864408229E+01
   0.955419213E-01   0.288263555E-01   0.840139973E+00   0.109432402E-01   0.169136620E+02
   0.955409605E-01   0.289041775E-01   0.931701385E+00   0.122109225E-01   0.307614791E+02
   0.955392519E-01   0.290425668E-01   0.102667475E+01   0.137851127E-01   0.524563697E+02
   0.955362136E-01   0.292886616E-01   0.114092680E+01   0.160973916E-01   0.826660045E+02
   0.955308106E-01   0.297262869E-01   0.129257668E+01   0.200272940E-01   0.113501896E+03
   0.955212025E-01   0.305045070E-01   0.150758777E+01   0.275139242E-01   0.117690412E+03
   0.955041166E-01   0.318883998E-01   0.172718271E+01   0.392665170E-01   0.206295625E+02
   0.954737332E-01   0.343493478E-01   0.172557273E+01   0.467493854E-01   0.103021571E-01
   0.954197031E-01   0.387256010E-01   0.171256598E+01   0.587441739E-01   0.103472329E-01
   0.953236224E-01   0.465078021E-01   0.168541765E+01   0.770115685E-01   0.100889297E-01
   0.951527640E-01   0.603467299E-01   0.163615330E+01   0.100881747E+00   0.100416793E-01
   0.330532624E+00   0.253030260E-02   0.227525904E+00  -0.428255169E-01   0.174147712E+02
   0.330534058E+00   0.253795210E-02   0.326691660E+00  -0.613757877E-01   0.173874884E+02
   0.330536609E+00   0.255155500E-02   0.419733321E+00  -0.787641571E-01   0.181322218E+02
   0.330541145E+00   0.257574480E-02   0.530374840E+00  -0.994097996E-01   0.204682877E+02
   0.330549211E+00   0.261876100E-02   0.596708854E+00  -0.111773714E+00   0.267327332E+02
   0.330563554E+00   0.269525580E-02   0.651231492E+00  -0.121922420E+00   0.369957835E+02
   0.330589060E+00   0.283128500E-02   0.705164702E+00  -0.131916192E+00   0.538227489E+02
   0.330634418E+00   0.307318290E-02   0.764224016E+00  -0.142751953E+00   0.842446586E+02
   0.330715076E+00   0.350334490E-02   0.774551124E+00  -0.144525850E+00   0.110520698E+03
   0.330858509E+00   0.426829310E-02   0.889129238E+00  -0.165117806E+00   0.183944643E+03
   0.331113573E+00   0.562858480E-02   0.100572585E+01  -0.185195038E+00   0.264839110E+03
   0.331567148E+00   0.804756360E-02   0.116523924E+01  -0.211137156E+00   0.286364770E+03
   0.332373730E+00   0.123491837E-01   0.133934404E+01  -0.236120865E+00   0.742202772E+02
   0.333808060E+00   0.199986662E-01   0.135082128E+01  -0.231153483E+00   0.102942043E-01
   0.336358699E+00   0.336015835E-01   0.134491563E+01  -0.218600512E+00   0.100560936E-01
   0.622972315E+00  -0.656280618E-01   0.190347527E+00  -0.506546753E-01   0.288921840E+02
   0.622974319E+00  -0.656205417E-01   0.244724472E+00  -0.651361261E-01   0.289323587E+02
   0.622977884E+00  -0.656071687E-01   0.300806387E+00  -0.800674418E-01   0.294659223E+02
   0.622984224E+00  -0.655833878E-01   0.388964467E+00  -0.103528586E+00   0.308346850E+02
   0.622995497E+00  -0.655410987E-01   0.444517278E+00  -0.118290899E+00   0.353338308E+02
   0.623015543E+00  -0.654658968E-01   0.487108757E+00  -0.129596854E+00   0.439027904E+02
   0.623051192E+00  -0.653321669E-01   0.523514412E+00  -0.139218000E+00   0.576749845E+02
   0.623114585E+00  -0.650943578E-01   0.561997015E+00  -0.149326612E+00   0.819528191E+02
   0.623227316E+00  -0.646714668E-01   0.607515726E+00  -0.161164728E+00   0.128107600E+03
   0.623427784E+00  -0.639194483E-01   0.626371570E+00  -0.165879761E+00   0.171668530E+03
   0.623784270E+00  -0.625821494E-01   0.707287356E+00  -0.186402069E+00   0.289338986E+03
   0.624418203E+00  -0.602040582E-01   0.800605677E+00  -0.209166497E+00   0.428927693E+03
   0.625545513E+00  -0.559751477E-01   0.934114011E+00  -0.240273275E+00   0.495138308E+03
   0.627550184E+00  -0.484549632E-01   0.110458099E+01  -0.276785223E+00   0.233496880E+03
   0.631115051E+00  -0.350819739E-01   0.113359364E+01  -0.275456278E+00   0.100608131E-01
   0.872594799E+00  -0.137039671E+00   0.185384883E+00  -0.560312993E-01   0.319992186E+02
   0.872597069E+00  -0.137032227E+00   0.195306367E+00  -0.590399667E-01   0.324968150E+02
   0.872601107E+00  -0.137018989E+00   0.217349764E+00  -0.657470806E-01   0.330176141E+02
   0.872608286E+00  -0.136995448E+00   0.260790136E+00  -0.789588901E-01   0.340539314E+02
   0.872621054E+00  -0.136953586E+00   0.301741055E+00  -0.913838089E-01   0.369975207E+02
   0.872643758E+00  -0.136879143E+00   0.328661322E+00  -0.995028192E-01   0.437976698E+02
   0.872684133E+00  -0.136746763E+00   0.351678579E+00  -0.106368678E+00   0.553676842E+02
   0.872755931E+00  -0.136511355E+00   0.375081680E+00  -0.113228210E+00   0.759129316E+02
   0.872883607E+00  -0.136092734E+00   0.345060698E+00  -0.104090807E+00   0.844715017E+02
   0.873110652E+00  -0.135348308E+00   0.423822314E+00  -0.127121954E+00   0.155257474E+03
   0.873514400E+00  -0.134024511E+00   0.479679118E+00  -0.142307216E+00   0.281007834E+03
   0.874232378E+00  -0.131670430E+00   0.547672489E+00  -0.159600613E+00   0.464010987E+03
   0.875509143E+00  -0.127484217E+00   0.645524251E+00  -0.182965109E+00   0.655497609E+03
   0.877779587E+00  -0.120039960E+00   0.796654688E+00  -0.216689971E+00   0.698746813E+03
   0.881817071E+00  -0.106801990E+00   0.973602610E+00  -0.250240644E+00   0.139410177E+03
   0.993604511E+00  -0.175189154E+00   0.136423270E+00  -0.343819892E-02   0.113595863E+02
   0.993606399E+00  -0.175181604E+00   0.113285669E+00  -0.348023370E-02   0.114807818E+02
   0.993609755E+00  -0.175168177E+00   0.106898429E+00  -0.353289839E-02   0.114727866E+02
   0.993615723E+00  -0.175144300E+00   0.987333519E-01  -0.339896016E-02   0.118111519E+02
   0.993626337E+00  -0.175101841E+00   0.870964603E-01  -0.475212973E-02   0.123805936E+02
   0.993645210E+00  -0.175026336E+00   0.847552807E-01  -0.121871843E-01   0.141813761E+02
   0.993678773E+00  -0.174892067E+00   0.761443726E-01  -0.180264847E-01   0.183218086E+02
   0.993738457E+00  -0.174653300E+00   0.104657179E+00  -0.328897506E-01   0.343560267E+02
   0.993844591E+00  -0.174228706E+00   0.132552535E+00  -0.397808199E-01   0.670578762E+02
   0.994033327E+00  -0.173473658E+00   0.171631541E+00  -0.462651578E-01   0.131342080E+03
   0.994368953E+00  -0.172130971E+00   0.223730533E+00  -0.550415165E-01   0.249071710E+03
   0.994965790E+00  -0.169743300E+00   0.293930122E+00  -0.674403343E-01   0.430851386E+03
   0.996027132E+00  -0.165497353E+00   0.393921705E+00  -0.856310548E-01   0.669336144E+03
   0.997914495E+00  -0.157946873E+00   0.546800876E+00  -0.113208645E+00   0.882572077E+03
   0.100127075E+01  -0.144520011E+00   0.780080926E+00  -0.152848608E+00   0.739175444E+03
