 hih1=   1.333 Number of points =  165
   0.966728435E+00  -0.584443850E-02   0.182748868E+00   0.245477556E-01   0.280110176E+01
   0.966729474E+00  -0.585215160E-02   0.200784433E+00   0.269682826E-01   0.309710845E+01
   0.966731322E+00  -0.586586760E-02   0.242376189E+00   0.325528213E-01   0.360437053E+01
   0.966734608E+00  -0.589025860E-02   0.291538783E+00   0.391409942E-01   0.491401004E+01
   0.966740452E+00  -0.593363260E-02   0.334864400E+00   0.449209533E-01   0.758716137E+01
   0.966750843E+00  -0.601076380E-02   0.312445233E+00   0.418875265E-01   0.974854743E+01
   0.966769322E+00  -0.614792440E-02   0.403126155E+00   0.538889045E-01   0.199538831E+02
   0.966802182E+00  -0.639183440E-02   0.458063687E+00   0.608882104E-01   0.398438215E+02
   0.966860617E+00  -0.682557450E-02   0.508519507E+00   0.669458565E-01   0.751770117E+02
   0.966964531E+00  -0.759688550E-02   0.561201834E+00   0.727121792E-01   0.133426229E+03
   0.967149319E+00  -0.896849210E-02   0.620592329E+00   0.783621789E-01   0.217582093E+03
   0.967477924E+00  -0.114075918E-01   0.693690003E+00   0.840920212E-01   0.298512073E+03
   0.968062275E+00  -0.157449926E-01   0.803226603E+00   0.914223390E-01   0.245215257E+03
   0.969101414E+00  -0.234581031E-01   0.935578499E+00   0.974232567E-01   0.168097468E+02
   0.970949294E+00  -0.371741687E-01   0.941466397E+00   0.875920957E-01   0.555905962E-01
   0.765671056E+00  -0.299652641E-01   0.256360315E+00   0.272445006E-01   0.651979962E+01
   0.765671878E+00  -0.299730034E-01   0.306268077E+00   0.325294495E-01   0.688339045E+01
   0.765673339E+00  -0.299867660E-01   0.337798260E+00   0.358702358E-01   0.748026398E+01
   0.765675938E+00  -0.300112397E-01   0.409203373E+00   0.434341369E-01   0.894804509E+01
   0.765680560E+00  -0.300547608E-01   0.468834542E+00   0.497421538E-01   0.123560175E+02
   0.765688779E+00  -0.301321536E-01   0.517559094E+00   0.548842480E-01   0.187958281E+02
   0.765703394E+00  -0.302697796E-01   0.512981908E+00   0.543974454E-01   0.230143496E+02
   0.765729384E+00  -0.305145170E-01   0.594353372E+00   0.629377355E-01   0.441818320E+02
   0.765775602E+00  -0.309497285E-01   0.655116095E+00   0.692110760E-01   0.812898976E+02
   0.765857790E+00  -0.317236561E-01   0.714085308E+00   0.751351407E-01   0.139600025E+03
   0.766003943E+00  -0.330999157E-01   0.779116582E+00   0.813900554E-01   0.211354362E+03
   0.766263843E+00  -0.355472899E-01   0.863645663E+00   0.890469813E-01   0.225716084E+03
   0.766726019E+00  -0.398994049E-01   0.992419090E+00   0.998553532E-01   0.104849297E+03
   0.767547896E+00  -0.476386814E-01   0.102875848E+01   0.100790480E+00   0.524621684E-01
   0.769009425E+00  -0.614012775E-01   0.102760194E+01   0.966409192E-01   0.518572221E-01
   0.473497570E+00  -0.545438538E-01   0.278286847E+00   0.159848624E-01   0.416835343E+01
   0.473498013E+00  -0.545516239E-01   0.345892887E+00   0.198076910E-01   0.455039523E+01
   0.473498802E+00  -0.545654414E-01   0.388755297E+00   0.222394501E-01   0.520397579E+01
   0.473500204E+00  -0.545900128E-01   0.485673531E+00   0.277240714E-01   0.721602604E+01
   0.473502697E+00  -0.546337076E-01   0.542408844E+00   0.309357846E-01   0.107420540E+02
   0.473507131E+00  -0.547114091E-01   0.519104128E+00   0.296285837E-01   0.129641043E+02
   0.473515015E+00  -0.548495842E-01   0.632903266E+00   0.360405101E-01   0.255275910E+02
   0.473529036E+00  -0.550952980E-01   0.705883605E+00   0.401003941E-01   0.479590860E+02
   0.473553969E+00  -0.555322459E-01   0.773490670E+00   0.437697659E-01   0.837568667E+02
   0.473598308E+00  -0.563092613E-01   0.844472247E+00   0.474512161E-01   0.129552006E+03
   0.473677153E+00  -0.576910119E-01   0.931688655E+00   0.516446710E-01   0.144976712E+03
   0.473817363E+00  -0.601481504E-01   0.106134407E+01   0.571936660E-01   0.790881111E+02
   0.474066694E+00  -0.645176292E-01   0.110846483E+01   0.581319965E-01   0.498713368E-01
   0.474510076E+00  -0.722877835E-01   0.110652243E+01   0.561491900E-01   0.503831477E-01
   0.475298532E+00  -0.861052888E-01   0.110310301E+01   0.527748786E-01   0.498462592E-01
   0.192978671E+00  -0.569616902E-01   0.369448834E+00  -0.236248572E-01   0.422877729E+01
   0.192978181E+00  -0.569694576E-01   0.417643649E+00  -0.266139319E-01   0.463476831E+01
   0.192977310E+00  -0.569832701E-01   0.507881391E+00  -0.322326540E-01   0.557572248E+01
   0.192975762E+00  -0.570078327E-01   0.587912171E+00  -0.372280203E-01   0.770696583E+01
   0.192973008E+00  -0.570515119E-01   0.662356473E+00  -0.419011809E-01   0.120784997E+02
   0.192968111E+00  -0.571291856E-01   0.650929446E+00  -0.412753123E-01   0.143875578E+02
   0.192959403E+00  -0.572673112E-01   0.768307890E+00  -0.486844934E-01   0.271483363E+02
   0.192943918E+00  -0.575129371E-01   0.854937850E+00  -0.542963223E-01   0.459551095E+02
   0.192916381E+00  -0.579497287E-01   0.945442509E+00  -0.603723560E-01   0.619402662E+02
   0.192867413E+00  -0.587264660E-01   0.106420260E+01  -0.687985577E-01   0.476403521E+02
   0.192780334E+00  -0.601077221E-01   0.117428560E+01  -0.771956756E-01   0.178427035E+01
   0.192625482E+00  -0.625639813E-01   0.117212127E+01  -0.774254440E-01   0.447468791E-01
   0.192350113E+00  -0.669318966E-01   0.116819256E+01  -0.777450206E-01   0.454306662E-01
   0.191860430E+00  -0.746992703E-01   0.116136027E+01  -0.780690340E-01   0.453869736E-01
   0.190989636E+00  -0.885118310E-01   0.114978874E+01  -0.779503869E-01   0.450959422E-01
   0.227838417E-01  -0.250702561E-01   0.603119326E+00  -0.306746254E+00   0.597492816E+00
   0.227803329E-01  -0.250772031E-01   0.651454444E+00  -0.330907138E+00   0.847354117E+00
   0.227740934E-01  -0.250895568E-01   0.705290745E+00  -0.357555602E+00   0.132159710E+01
   0.227629978E-01  -0.251115251E-01   0.766959257E+00  -0.388283054E+00   0.223391217E+01
   0.227432667E-01  -0.251505908E-01   0.820623005E+00  -0.414980656E+00   0.323805684E+01
   0.227081793E-01  -0.252200607E-01   0.886929469E+00  -0.447938232E+00   0.362322913E+01
   0.226457840E-01  -0.253435975E-01   0.958838592E+00  -0.484012902E+00   0.184370889E+01
   0.225348279E-01  -0.255632805E-01   0.908250404E+00  -0.458628193E+00   0.284301037E+01
   0.223375169E-01  -0.259539383E-01   0.971147365E+00  -0.488226482E+00   0.466161746E-01
   0.219866427E-01  -0.266486369E-01   0.966214862E+00  -0.481212666E+00   0.417059706E-01
   0.213626905E-01  -0.278840051E-01   0.958344399E+00  -0.468958061E+00   0.415510030E-01
   0.202531290E-01  -0.300808351E-01   0.946566098E+00  -0.447325984E+00   0.414030766E-01
   0.182800187E-01  -0.339874125E-01   0.931811170E+00  -0.411022716E+00   0.413139337E-01
   0.147712773E-01  -0.409343987E-01   0.919109724E+00  -0.355173289E+00   0.410295712E-01
   0.853175460E-02  -0.532880813E-01   0.917519582E+00  -0.281878399E+00   0.406228070E-01
  -0.100000000E-04   0.000000000E+00   0.705075505E-03   0.404870998E-06   0.206902744E-07
  -0.177828000E-04   0.000000000E+00   0.111384774E-02   0.531061415E-06   0.102105750E-06
  -0.316228000E-04   0.000000000E+00   0.196063808E-02   0.709262300E-06   0.562834629E-06
  -0.562341000E-04   0.000000000E+00   0.376356190E-02   0.874002471E-06   0.771804669E-05
  -0.100000000E-03   0.000000000E+00   0.723682185E-02   0.955294187E-06   0.122307848E-03
  -0.177827900E-03   0.000000000E+00   0.134522383E-01   0.960661582E-06   0.506302489E-02
  -0.316227800E-03   0.000000000E+00   0.242892521E-01   0.954880880E-06   0.415657669E-01
  -0.562341300E-03   0.000000000E+00   0.428900911E-01   0.947364888E-06   0.414508118E-01
  -0.100000000E-02   0.000000000E+00   0.740113609E-01   0.940668890E-06   0.412962697E-01
  -0.177827940E-02   0.000000000E+00   0.123952677E+00   0.939855222E-06   0.411374053E-01
  -0.316227770E-02   0.000000000E+00   0.199027939E+00   0.941650678E-06   0.409675697E-01
  -0.562341330E-02   0.000000000E+00   0.301877365E+00   0.920955133E-06   0.407763698E-01
  -0.100000000E-01   0.000000000E+00   0.426960513E+00   0.843100248E-06   0.405337590E-01
  -0.177827941E-01   0.000000000E+00   0.560258732E+00   0.667619820E-06   0.401576956E-01
  -0.316227766E-01   0.000000000E+00   0.685155524E+00   0.436152416E-06   0.396317775E-01
   0.891015021E-01   0.448906659E-01   0.466652441E+00   0.890870307E-01   0.956861756E+01
   0.891000561E-01   0.448983132E-01   0.531060067E+00   0.101178515E+00   0.990547672E+01
   0.890974847E-01   0.449119122E-01   0.617464342E+00   0.117340431E+00   0.107010486E+02
   0.890929120E-01   0.449360950E-01   0.691494208E+00   0.131212552E+00   0.123148676E+02
   0.890847806E-01   0.449790989E-01   0.765611732E+00   0.145171653E+00   0.158518106E+02
   0.890703206E-01   0.450555717E-01   0.830398947E+00   0.157446639E+00   0.207005879E+02
   0.890446066E-01   0.451915618E-01   0.796679627E+00   0.151436688E+00   0.173510524E+02
   0.889988801E-01   0.454333902E-01   0.951213225E+00   0.180911166E+00   0.239768811E+02
   0.889175656E-01   0.458634286E-01   0.108537251E+01   0.207138494E+00   0.171167615E+02
   0.887729656E-01   0.466281571E-01   0.116048783E+01   0.221891516E+00   0.586770067E+00
   0.885158264E-01   0.479880581E-01   0.115751224E+01   0.220957295E+00   0.428372830E-01
   0.880585610E-01   0.504063419E-01   0.115237571E+01   0.219200363E+00   0.427019815E-01
   0.872454155E-01   0.547067263E-01   0.114362330E+01   0.215779896E+00   0.429394032E-01
   0.857994156E-01   0.623540114E-01   0.112927863E+01   0.208928213E+00   0.427526557E-01
   0.832280237E-01   0.759530209E-01   0.110759529E+01   0.195216429E+00   0.424183444E-01
   0.325071708E+00   0.598882494E-01   0.188924957E+00  -0.212140352E-02   0.292436141E+00
   0.325071792E+00   0.598960318E-01   0.338096992E+00  -0.388040865E-02   0.106730747E+01
   0.325071942E+00   0.599098709E-01   0.281851324E+00  -0.316572714E-02   0.102229360E+01
   0.325072209E+00   0.599344808E-01   0.425362424E+00  -0.465138894E-02   0.246191866E+01
   0.325072682E+00   0.599782441E-01   0.542891497E+00  -0.587038808E-02   0.620429573E+01
   0.325073524E+00   0.600560675E-01   0.629539781E+00  -0.676159750E-02   0.136457206E+02
   0.325075022E+00   0.601944593E-01   0.704914236E+00  -0.750893276E-02   0.270056468E+02
   0.325077685E+00   0.604405584E-01   0.776897658E+00  -0.816312309E-02   0.491100280E+02
   0.325082421E+00   0.608781915E-01   0.850438986E+00  -0.871497141E-02   0.803134867E+02
   0.325090843E+00   0.616564253E-01   0.934341286E+00  -0.911408065E-02   0.103226910E+03
   0.325105819E+00   0.630403425E-01   0.105315949E+01  -0.917638170E-02   0.704465590E+02
   0.325132451E+00   0.655013340E-01   0.114771605E+01  -0.846578151E-02   0.403599717E+00
   0.325179810E+00   0.698776645E-01   0.114569207E+01  -0.743694889E-02   0.484285971E-01
   0.325264028E+00   0.776600029E-01   0.114212065E+01  -0.570743121E-02   0.485770175E-01
   0.325413790E+00   0.914991751E-01   0.113589996E+01  -0.293631439E-02   0.481506915E-01
   0.624904159E+00   0.435469831E-01   0.273218926E+00  -0.236012060E-01   0.631359253E+01
   0.624904827E+00   0.435547371E-01   0.332338562E+00  -0.286762909E-01   0.667151409E+01
   0.624906016E+00   0.435685260E-01   0.367125320E+00  -0.316645910E-01   0.731308849E+01
   0.624908129E+00   0.435930464E-01   0.444946908E+00  -0.383488426E-01   0.888999817E+01
   0.624911887E+00   0.436366506E-01   0.508741614E+00  -0.438206630E-01   0.125009518E+02
   0.624918571E+00   0.437141911E-01   0.561130745E+00  -0.483048107E-01   0.192552802E+02
   0.624930455E+00   0.438520796E-01   0.565975264E+00  -0.487190300E-01   0.242005346E+02
   0.624951590E+00   0.440972841E-01   0.646027066E+00  -0.555260852E-01   0.460761277E+02
   0.624989173E+00   0.445333261E-01   0.710316727E+00  -0.609047145E-01   0.831343869E+02
   0.625056006E+00   0.453087306E-01   0.774397246E+00  -0.661168071E-01   0.137675431E+03
   0.625174854E+00   0.466876165E-01   0.847062309E+00  -0.717574173E-01   0.191040038E+03
   0.625386199E+00   0.491396609E-01   0.949628244E+00  -0.792115810E-01   0.154102963E+03
   0.625762030E+00   0.535000809E-01   0.106878915E+01  -0.868486240E-01   0.467922854E+01
   0.626430362E+00   0.612541260E-01   0.106777581E+01  -0.848235934E-01   0.514919242E-01
   0.627618844E+00   0.750429849E-01   0.106580593E+01  -0.812848911E-01   0.509065915E-01
   0.883134812E+00   0.165667663E-01   0.249557294E+00  -0.304521576E-01   0.518513969E+01
   0.883135755E+00   0.165744917E-01   0.270386074E+00  -0.329875902E-01   0.553667027E+01
   0.883137432E+00   0.165882297E-01   0.297616645E+00  -0.363044507E-01   0.609864434E+01
   0.883140415E+00   0.166126596E-01   0.371224328E+00  -0.452650950E-01   0.770002663E+01
   0.883145719E+00   0.166561029E-01   0.416046706E+00  -0.507115409E-01   0.106588992E+02
   0.883155152E+00   0.167333571E-01   0.463927215E+00  -0.565096995E-01   0.167542587E+02
   0.883171925E+00   0.168707368E-01   0.469340880E+00  -0.571523750E-01   0.216429382E+02
   0.883201753E+00   0.171150362E-01   0.538654384E+00  -0.654561538E-01   0.422028497E+02
   0.883254794E+00   0.175494688E-01   0.594593984E+00  -0.719937562E-01   0.787923592E+02
   0.883349118E+00   0.183220113E-01   0.649684437E+00  -0.781782844E-01   0.138288518E+03
   0.883516851E+00   0.196958078E-01   0.710202278E+00  -0.845663743E-01   0.219121289E+03
   0.883815127E+00   0.221388018E-01   0.785702666E+00  -0.919109429E-01   0.270783549E+03
   0.884345545E+00   0.264831278E-01   0.904335990E+00  -0.102625249E+00   0.175977896E+03
   0.885288776E+00   0.342085533E-01   0.986009785E+00  -0.107377413E+00   0.611554340E-01
   0.886966106E+00   0.479465182E-01   0.986091157E+00  -0.101295185E+00   0.531247424E-01
   0.100893070E+01   0.997530000E-05   0.387286461E-01  -0.744465982E-03   0.496117878E-01
   0.100893125E+01   0.177389000E-04   0.419898421E-01  -0.132753279E-02   0.135945059E+00
   0.100893222E+01   0.315446000E-04   0.515752085E-01  -0.268671950E-02   0.500814227E+00
   0.100893395E+01   0.560952000E-04   0.683470734E-01  -0.483379438E-02   0.137987008E+01
   0.100893703E+01   0.997529000E-04   0.122132267E+00  -0.120043812E-01   0.326268346E+01
   0.100894249E+01   0.177388500E-03   0.185278543E+00  -0.188788188E-01   0.757227561E+01
   0.100895222E+01   0.315446300E-03   0.243989878E+00  -0.237435889E-01   0.165705011E+02
   0.100896951E+01   0.560951700E-03   0.301046967E+00  -0.277424841E-01   0.336404580E+02
   0.100900026E+01   0.997528900E-03   0.361374086E+00  -0.313982873E-01   0.645580847E+02
   0.100905494E+01   0.177388510E-02   0.427736575E+00  -0.351724406E-01   0.117697871E+03
   0.100915217E+01   0.315446340E-02   0.502718494E+00  -0.394181688E-01   0.200994429E+03
   0.100932509E+01   0.560951730E-02   0.591152931E+00  -0.444013703E-01   0.303660493E+03
   0.100963257E+01   0.997528900E-02   0.708990952E+00  -0.507579298E-01   0.321990843E+03
   0.101017937E+01   0.177388511E-01   0.882214866E+00  -0.590502931E-01   0.100842069E+03
   0.101115173E+01   0.315446337E-01   0.920658213E+00  -0.583477923E-01   0.575105827E-01
