 hih1=   2.462 Number of points =  130
   0.100000000E+00   0.100000000E-04   0.158335669E+00   0.122927366E-05   0.154325584E+00
   0.100000000E+00   0.177828000E-04   0.254855449E+00   0.361951157E-05   0.566573681E+00
   0.100000000E+00   0.316228000E-04   0.368272987E+00   0.946400719E-05   0.165303547E+01
   0.100000000E+00   0.562341000E-04   0.476538932E+00   0.222723217E-04   0.444284467E+01
   0.100000000E+00   0.100000000E-03   0.565486150E+00   0.488818151E-04   0.105590430E+02
   0.100000000E+00   0.177827900E-03   0.644117776E+00   0.103641334E-03   0.207604807E+02
   0.100000000E+00   0.316227800E-03   0.720497095E+00   0.219328450E-03   0.351153150E+02
   0.100000000E+00   0.562341300E-03   0.802629174E+00   0.474962985E-03   0.495739960E+02
   0.100000000E+00   0.100000000E-02   0.899921395E+00   0.107529340E-02   0.491016479E+02
   0.100000000E+00   0.177827940E-02   0.998062740E+00   0.220032105E-02   0.342540297E+01
   0.100000000E+00   0.316227770E-02   0.100031516E+01   0.220315502E-02   0.254464365E-03
   0.100000000E+00   0.562341330E-02   0.100030541E+01   0.219015250E-02   0.253627971E-03
   0.100000000E+00   0.100000000E-01   0.100028873E+01   0.216632616E-02   0.254077200E-03
   0.200000000E+00   0.100000000E-04   0.142750828E+00   0.542117831E-06   0.136049132E+00
   0.200000000E+00   0.177828000E-04   0.231494270E+00   0.159894713E-05   0.514070936E+00
   0.200000000E+00   0.316228000E-04   0.337636200E+00   0.418491230E-05   0.152309367E+01
   0.200000000E+00   0.562341000E-04   0.440188999E+00   0.980890393E-05   0.415657434E+01
   0.200000000E+00   0.100000000E-03   0.524024459E+00   0.212458712E-04   0.101671435E+02
   0.200000000E+00   0.177827900E-03   0.596469472E+00   0.441751064E-04   0.208612359E+02
   0.200000000E+00   0.316227800E-03   0.664326854E+00   0.909004555E-04   0.378887064E+02
   0.200000000E+00   0.562341300E-03   0.733357953E+00   0.188712541E-03   0.618417084E+02
   0.200000000E+00   0.100000000E-02   0.809259782E+00   0.402786196E-03   0.867021540E+02
   0.200000000E+00   0.177827940E-02   0.898876667E+00   0.900015240E-03   0.885743705E+02
   0.200000000E+00   0.316227770E-02   0.997879034E+00   0.194204640E-02   0.788520170E+01
   0.200000000E+00   0.562341330E-02   0.100061882E+01   0.194446336E-02   0.253067223E-03
   0.200000000E+00   0.100000000E-01   0.100061073E+01   0.193671380E-02   0.239109791E-03
   0.300000000E+00   0.100000000E-04   0.134537960E+00   0.334889222E-06   0.126082383E+00
   0.300000000E+00   0.177828000E-04   0.219144953E+00   0.991424731E-06   0.483856300E+00
   0.300000000E+00   0.316228000E-04   0.321431906E+00   0.260354704E-05   0.144815721E+01
   0.300000000E+00   0.562341000E-04   0.421110840E+00   0.610429140E-05   0.397674275E+01
   0.300000000E+00   0.100000000E-03   0.502607379E+00   0.131633582E-04   0.985854390E+01
   0.300000000E+00   0.177827900E-03   0.572343159E+00   0.271545006E-04   0.205829395E+02
   0.300000000E+00   0.316227800E-03   0.636696317E+00   0.552242689E-04   0.383406902E+02
   0.300000000E+00   0.562341300E-03   0.700754088E+00   0.112670042E-03   0.654577141E+02
   0.300000000E+00   0.100000000E-02   0.768809526E+00   0.234121164E-03   0.100768026E+03
   0.300000000E+00   0.177827940E-02   0.845957102E+00   0.506242806E-03   0.128644587E+03
   0.300000000E+00   0.316227770E-02   0.939510791E+00   0.113913016E-02   0.100312646E+03
   0.300000000E+00   0.562341330E-02   0.100071139E+01   0.181422756E-02   0.259396750E+00
   0.300000000E+00   0.100000000E-01   0.100072814E+01   0.181160463E-02   0.228035732E-03
   0.400000000E+00   0.100000000E-04   0.129088995E+00   0.236408584E-06   0.119438246E+00
   0.400000000E+00   0.177828000E-04   0.210915425E+00   0.701967044E-06   0.463336207E+00
   0.400000000E+00   0.316228000E-04   0.310604648E+00   0.184924135E-05   0.139661160E+01
   0.400000000E+00   0.562341000E-04   0.408390065E+00   0.434263943E-05   0.384912433E+01
   0.400000000E+00   0.100000000E-03   0.488424326E+00   0.935444882E-05   0.962291309E+01
   0.400000000E+00   0.177827900E-03   0.556512547E+00   0.192337069E-04   0.202967369E+02
   0.400000000E+00   0.316227800E-03   0.618812472E+00   0.388965088E-04   0.383225563E+02
   0.400000000E+00   0.562341300E-03   0.680085229E+00   0.786463133E-04   0.669257680E+02
   0.400000000E+00   0.100000000E-02   0.743977661E+00   0.161132128E-03   0.107630531E+03
   0.400000000E+00   0.177827940E-02   0.814320911E+00   0.340869908E-03   0.150776422E+03
   0.400000000E+00   0.316227770E-02   0.897891606E+00   0.752984696E-03   0.160202014E+03
   0.400000000E+00   0.562341330E-02   0.993013300E+00   0.165864915E-02   0.274284116E+02
   0.400000000E+00   0.100000000E-01   0.100078064E+01   0.172659868E-02   0.240166854E-03
   0.500000000E+00   0.100000000E-04   0.125067048E+00   0.180626328E-06   0.114531010E+00
   0.500000000E+00   0.177828000E-04   0.204820215E+00   0.537636450E-06   0.447979566E+00
   0.500000000E+00   0.316228000E-04   0.302565721E+00   0.142026101E-05   0.135772998E+01
   0.500000000E+00   0.562341000E-04   0.398951270E+00   0.334120495E-05   0.375120920E+01
   0.500000000E+00   0.100000000E-03   0.477941797E+00   0.719661376E-05   0.943475531E+01
   0.500000000E+00   0.177827900E-03   0.544876724E+00   0.147698959E-04   0.200389855E+02
   0.500000000E+00   0.316227800E-03   0.605774746E+00   0.297597544E-04   0.381632176E+02
   0.500000000E+00   0.562341300E-03   0.665204011E+00   0.597951010E-04   0.675773297E+02
   0.500000000E+00   0.100000000E-02   0.726439656E+00   0.121290154E-03   0.111477992E+03
   0.500000000E+00   0.177827940E-02   0.792537796E+00   0.252605291E-03   0.164828333E+03
   0.500000000E+00   0.316227770E-02   0.869455445E+00   0.548447230E-03   0.198731222E+03
   0.500000000E+00   0.562341330E-02   0.962542325E+00   0.123943714E-02   0.113481352E+03
   0.500000000E+00   0.100000000E-01   0.100081783E+01   0.166142561E-02   0.676317257E-02
   0.600000000E+00   0.100000000E-04   0.121917334E+00   0.143998664E-06   0.110694215E+00
   0.600000000E+00   0.177828000E-04   0.200033165E+00   0.429454418E-06   0.435851346E+00
   0.600000000E+00   0.316228000E-04   0.296237504E+00   0.113707607E-05   0.132685715E+01
   0.600000000E+00   0.562341000E-04   0.391519894E+00   0.267921292E-05   0.367266445E+01
   0.600000000E+00   0.100000000E-03   0.469707713E+00   0.577210311E-05   0.928004362E+01
   0.600000000E+00   0.177827900E-03   0.535768724E+00   0.118345424E-04   0.198132822E+02
   0.600000000E+00   0.316227800E-03   0.595624027E+00   0.237947123E-04   0.379631037E+02
   0.600000000E+00   0.562341300E-03   0.653714994E+00   0.476322906E-04   0.678610184E+02
   0.600000000E+00   0.100000000E-02   0.713073309E+00   0.960250901E-04   0.113848103E+03
   0.600000000E+00   0.177827940E-02   0.776261567E+00   0.197942163E-03   0.174333950E+03
   0.600000000E+00   0.316227770E-02   0.848460157E+00   0.423933222E-03   0.226062593E+03
   0.600000000E+00   0.562341330E-02   0.935103282E+00   0.949778820E-03   0.188418860E+03
   0.600000000E+00   0.100000000E-01   0.100083787E+01   0.160545397E-02   0.607820632E+00
   0.700000000E+00   0.100000000E-04   0.119357050E+00   0.118311405E-06   0.107577843E+00
   0.700000000E+00   0.177828000E-04   0.196132912E+00   0.353395835E-06   0.425917751E+00
   0.700000000E+00   0.316228000E-04   0.291071968E+00   0.937366990E-06   0.130145549E+01
   0.700000000E+00   0.562341000E-04   0.385453200E+00   0.221111259E-05   0.360752958E+01
   0.700000000E+00   0.100000000E-03   0.462998224E+00   0.476332278E-05   0.914929355E+01
   0.700000000E+00   0.177827900E-03   0.528367164E+00   0.975582516E-05   0.196140824E+02
   0.700000000E+00   0.316227800E-03   0.587407556E+00   0.195777688E-04   0.377521695E+02
   0.700000000E+00   0.562341300E-03   0.644470793E+00   0.390729879E-04   0.679496027E+02
   0.700000000E+00   0.100000000E-02   0.702415812E+00   0.784066603E-04   0.115376188E+03
   0.700000000E+00   0.177827940E-02   0.763470459E+00   0.160434787E-03   0.180983551E+03
   0.700000000E+00   0.316227770E-02   0.832164324E+00   0.339930442E-03   0.246595932E+03
   0.700000000E+00   0.562341330E-02   0.913760141E+00   0.755276801E-03   0.243647369E+03
   0.700000000E+00   0.100000000E-01   0.999208576E+00   0.155816072E-02   0.148244719E+02
   0.800000000E+00   0.100000000E-04   0.117235188E+00   0.982874393E-07   0.104990692E+00
   0.800000000E+00   0.177828000E-04   0.192894590E+00   0.293930238E-06   0.417609829E+00
   0.800000000E+00   0.316228000E-04   0.286777452E+00   0.780568024E-06   0.128011406E+01
   0.800000000E+00   0.562341000E-04   0.380410884E+00   0.184192922E-05   0.355241140E+01
   0.800000000E+00   0.100000000E-03   0.457432177E+00   0.396475889E-05   0.903683534E+01
   0.800000000E+00   0.177827900E-03   0.522241505E+00   0.810734590E-05   0.194366923E+02
   0.800000000E+00   0.316227800E-03   0.580628581E+00   0.162351783E-04   0.375416996E+02
   0.800000000E+00   0.562341300E-03   0.636877197E+00   0.323134930E-04   0.679239929E+02
   0.800000000E+00   0.100000000E-02   0.693715769E+00   0.646133625E-04   0.116379469E+03
   0.800000000E+00   0.177827940E-02   0.753127959E+00   0.131561720E-03   0.185803130E+03
   0.800000000E+00   0.316227770E-02   0.819128174E+00   0.276737094E-03   0.262592744E+03
   0.800000000E+00   0.562341330E-02   0.896676611E+00   0.611507070E-03   0.286629505E+03
   0.800000000E+00   0.100000000E-01   0.988893743E+00   0.138524571E-02   0.718012710E+02
   0.900000000E+00   0.100000000E-04   0.115503789E+00   0.770850167E-07   0.102846652E+00
   0.900000000E+00   0.177828000E-04   0.190249778E+00   0.230252877E-06   0.410667147E+00
   0.900000000E+00   0.316228000E-04   0.283271545E+00   0.609838785E-06   0.126214182E+01
   0.900000000E+00   0.562341000E-04   0.376305069E+00   0.143258004E-05   0.350547947E+01
   0.900000000E+00   0.100000000E-03   0.452916466E+00   0.306535314E-05   0.893917679E+01
   0.900000000E+00   0.177827900E-03   0.517286015E+00   0.623400182E-05   0.192764369E+02
   0.900000000E+00   0.316227800E-03   0.575157083E+00   0.124325170E-04   0.373323436E+02
   0.900000000E+00   0.562341300E-03   0.630759006E+00   0.246931889E-04   0.678189872E+02
   0.900000000E+00   0.100000000E-02   0.686715141E+00   0.494117168E-04   0.117022671E+03
   0.900000000E+00   0.177827940E-02   0.744819651E+00   0.101022600E-03   0.189381150E+03
   0.900000000E+00   0.316227770E-02   0.808684521E+00   0.213841890E-03   0.275332462E+03
   0.900000000E+00   0.562341330E-02   0.882909102E+00   0.477416350E-03   0.321218355E+03
   0.900000000E+00   0.100000000E-01   0.973251746E+00   0.110189149E-02   0.152761808E+03
   0.100000000E+01   0.100000000E-04   0.163514132E+00  -0.578336457E-02   0.775446565E+00
   0.100000000E+01   0.177828000E-04   0.227923972E+00  -0.767647210E-02   0.117120492E+01
   0.100000000E+01   0.316228000E-04   0.311471459E+00  -0.869151084E-02   0.191990492E+01
   0.100000000E+01   0.562341000E-04   0.396154416E+00  -0.880107838E-02   0.385920110E+01
   0.100000000E+01   0.100000000E-03   0.465950497E+00  -0.841179509E-02   0.939500518E+01
   0.100000000E+01   0.177827900E-03   0.525941801E+00  -0.742479518E-02   0.197332238E+02
   0.100000000E+01   0.316227800E-03   0.580509915E+00  -0.620640031E-02   0.378382316E+02
   0.100000000E+01   0.562341300E-03   0.633338462E+00  -0.501296895E-02   0.684758189E+02
   0.100000000E+01   0.100000000E-02   0.686795276E+00  -0.401401571E-02   0.118264206E+03
   0.100000000E+01   0.177827940E-02   0.742432095E+00  -0.320338985E-02   0.192788363E+03
   0.100000000E+01   0.316227770E-02   0.803436783E+00  -0.252256168E-02   0.285773035E+03
   0.100000000E+01   0.562341330E-02   0.873973244E+00  -0.187642678E-02   0.349016181E+03
   0.100000000E+01   0.100000000E-01   0.959955368E+00  -0.104583235E-02   0.227739796E+03
