 hih1=   5.333 Number of points =  165
   0.951026782E+00  -0.173626279E+00   0.207996824E+00  -0.858909962E-02   0.311590267E+01
   0.951026466E+00  -0.173634056E+00   0.252951804E+00  -0.103791638E-01   0.378746952E+01
   0.951025904E+00  -0.173647884E+00   0.281487682E+00  -0.115538051E-01   0.412010280E+01
   0.951024904E+00  -0.173672475E+00   0.350535985E+00  -0.143572471E-01   0.529640940E+01
   0.951023127E+00  -0.173716205E+00   0.398939321E+00  -0.163271874E-01   0.773926626E+01
   0.951019967E+00  -0.173793969E+00   0.348763279E+00  -0.143190757E-01   0.103961151E+02
   0.951014347E+00  -0.173932255E+00   0.489613037E+00  -0.200497820E-01   0.196858644E+02
   0.951004353E+00  -0.174178165E+00   0.559826517E+00  -0.230111553E-01   0.376400380E+02
   0.950986580E+00  -0.174615463E+00   0.620800319E+00  -0.257184795E-01   0.663110963E+02
   0.950954976E+00  -0.175393100E+00   0.683448801E+00  -0.286966241E-01   0.106987065E+03
   0.950898775E+00  -0.176775957E+00   0.751311472E+00  -0.322397857E-01   0.150586215E+03
   0.950798834E+00  -0.179235062E+00   0.830436212E+00  -0.368572760E-01   0.162278914E+03
   0.950621111E+00  -0.183608039E+00   0.923166857E+00  -0.430997268E-01   0.369352065E+02
   0.950305071E+00  -0.191384414E+00   0.934505310E+00  -0.457063622E-01   0.154869181E-03
   0.949743061E+00  -0.205212981E+00   0.936382874E+00  -0.488190690E-01   0.778670999E-04
   0.748835379E+00  -0.162467408E+00   0.290810658E+00  -0.201423318E-01   0.101390312E+02
   0.748834844E+00  -0.162475172E+00   0.296045209E+00  -0.205077611E-01   0.104973801E+02
   0.748833894E+00  -0.162488980E+00   0.305354524E+00  -0.211576539E-01   0.111346811E+02
   0.748832204E+00  -0.162513533E+00   0.370256673E+00  -0.255983712E-01   0.121447550E+02
   0.748829198E+00  -0.162557196E+00   0.468344801E+00  -0.323394245E-01   0.149740123E+02
   0.748823853E+00  -0.162634840E+00   0.523594920E+00  -0.361384915E-01   0.203718848E+02
   0.748814348E+00  -0.162772913E+00   0.573080024E+00  -0.395563927E-01   0.293753492E+02
   0.748797445E+00  -0.163018445E+00   0.492864658E+00  -0.341594796E-01   0.334120072E+02
   0.748767388E+00  -0.163455070E+00   0.652161622E+00  -0.450634533E-01   0.585384744E+02
   0.748713937E+00  -0.164231512E+00   0.729127733E+00  -0.504462378E-01   0.924987576E+02
   0.748618887E+00  -0.165612243E+00   0.804527100E+00  -0.558585159E-01   0.120955009E+03
   0.748449861E+00  -0.168067567E+00   0.889912622E+00  -0.622310463E-01   0.940246402E+02
   0.748149287E+00  -0.172433820E+00   0.945551339E+00  -0.665056758E-01   0.474001385E+00
   0.747614781E+00  -0.180198238E+00   0.945814933E+00  -0.663334541E-01   0.112162990E-03
   0.746664280E+00  -0.194005543E+00   0.946244799E+00  -0.660135859E-01   0.769059885E-04
   0.456832637E+00  -0.135937200E+00   0.299494560E+00  -0.355783917E-01   0.128761508E+02
   0.456831724E+00  -0.135944929E+00   0.303042833E+00  -0.360050799E-01   0.131807550E+02
   0.456830101E+00  -0.135958674E+00   0.309353250E+00  -0.367639226E-01   0.137224776E+02
   0.456827215E+00  -0.135983115E+00   0.383303703E+00  -0.454511496E-01   0.137886934E+02
   0.456822083E+00  -0.136026579E+00   0.491017604E+00  -0.581528971E-01   0.164540534E+02
   0.456812957E+00  -0.136103870E+00   0.555514367E+00  -0.657634159E-01   0.215828704E+02
   0.456796729E+00  -0.136241315E+00   0.606909780E+00  -0.718443605E-01   0.287651968E+02
   0.456767869E+00  -0.136485731E+00   0.662628721E+00  -0.784351130E-01   0.407123139E+02
   0.456716549E+00  -0.136920370E+00   0.439180990E+00  -0.527216355E-01   0.329058305E+02
   0.456625288E+00  -0.137693281E+00   0.757153891E+00  -0.898483918E-01   0.518500024E+02
   0.456463000E+00  -0.139067731E+00   0.851199581E+00  -0.101168874E+00   0.423591384E+02
   0.456174407E+00  -0.141511888E+00   0.912149941E+00  -0.108323193E+00   0.674818253E+01
   0.455661208E+00  -0.145858281E+00   0.915352831E+00  -0.107936663E+00   0.174748115E-03
   0.454748597E+00  -0.153587384E+00   0.914998263E+00  -0.106479216E+00   0.113194876E-03
   0.453125719E+00  -0.167331888E+00   0.914614695E+00  -0.103849197E+00   0.778276261E-04
   0.180155597E+00  -0.896067086E-01   0.303531424E+00  -0.744599415E-01   0.197994016E+00
   0.180153767E+00  -0.896142730E-01   0.370128869E+00  -0.902265982E-01   0.417513610E+00
   0.180150510E+00  -0.896277245E-01   0.368507541E+00  -0.897562275E-01   0.333683961E+00
   0.180144720E+00  -0.896516450E-01   0.439596887E+00  -0.106822739E+00   0.943286664E+00
   0.180134424E+00  -0.896941824E-01   0.493008100E+00  -0.119653869E+00   0.181429698E+01
   0.180116113E+00  -0.897698258E-01   0.562301510E+00  -0.136278641E+00   0.429525361E+01
   0.180083552E+00  -0.899043408E-01   0.618010587E+00  -0.149482908E+00   0.930702175E+01
   0.180025650E+00  -0.901435462E-01   0.674592254E+00  -0.163035850E+00   0.124043399E+02
   0.179922683E+00  -0.905689202E-01   0.730412921E+00  -0.176178450E+00   0.113105251E+02
   0.179739580E+00  -0.913253539E-01   0.621182022E+00  -0.149886368E+00   0.315701488E+01
   0.179413971E+00  -0.926705045E-01   0.763418542E+00  -0.182589150E+00   0.309350825E+01
   0.178834948E+00  -0.950625580E-01   0.768587279E+00  -0.181043419E+00   0.186031345E-03
   0.177805282E+00  -0.993162976E-01   0.767666426E+00  -0.175823352E+00   0.110375960E-03
   0.175974249E+00  -0.106880635E+00   0.767157110E+00  -0.166827267E+00   0.672814554E-04
   0.172718160E+00  -0.120332141E+00   0.767883829E+00  -0.151402086E+00   0.438810864E-04
   0.180842996E-01  -0.286457551E-01   0.147497265E-01   0.391145783E-01   0.133812650E-01
   0.180796378E-01  -0.286519872E-01   0.183907800E-01   0.369732867E-01   0.135142154E-01
   0.180713478E-01  -0.286630697E-01   0.182498194E-01   0.371842927E-01   0.134290868E-01
   0.180566059E-01  -0.286827775E-01   0.208800784E-01   0.360189696E-01   0.134879018E-01
   0.180303907E-01  -0.287178233E-01   0.245823481E-01   0.342113107E-01   0.134546598E-01
   0.179837727E-01  -0.287801447E-01   0.303474932E-01   0.318629606E-01   0.135080282E-01
   0.179008728E-01  -0.288909695E-01   0.301806042E-01   0.324004894E-01   0.126562408E-01
   0.177534538E-01  -0.290880469E-01   0.333155562E-01   0.360550771E-01   0.126119550E-01
   0.174913015E-01  -0.294385055E-01   0.358030641E-01   0.413528319E-01   0.115244282E-01
   0.170251215E-01  -0.300617190E-01   0.417826546E-01   0.508164090E-01   0.101353728E-01
   0.161961232E-01  -0.311699667E-01   0.285700677E-01   0.595913396E-01   0.366427992E-04
   0.147219325E-01  -0.331407408E-01   0.638322358E-01   0.894647707E-01   0.130546593E-04
   0.121004097E-01  -0.366453277E-01   0.125217853E+00   0.130476789E+00   0.684485087E-05
   0.743860950E-02  -0.428774624E-01   0.226243026E+00   0.174844503E+00   0.507663220E-05
  -0.851373600E-03  -0.539599394E-01   0.363246869E+00   0.207002499E+00   0.463224391E-05
  -0.984810000E-05   0.173650000E-05   0.393913567E+00   0.172862255E+01   0.117687138E+00
  -0.175126000E-04   0.308790000E-05   0.320413788E+00   0.190270891E+01   0.143867071E+00
  -0.311424000E-04   0.549120000E-05   0.326533474E+00   0.192307946E+01   0.134712281E+00
  -0.553798000E-04   0.976500000E-05   0.367898878E+00   0.183830612E+01   0.476339948E+00
  -0.984808000E-04   0.173648000E-04   0.419769594E+00   0.187101449E+01   0.123797913E+00
  -0.175126300E-03   0.308795000E-04   0.350788989E+00   0.202408760E+01   0.883043722E-01
  -0.311423600E-03   0.549124000E-04   0.379830148E+00   0.202973705E+01   0.902703125E-02
  -0.553798100E-03   0.976495000E-04   0.393002209E+00   0.197682206E+01   0.227801722E-04
  -0.984807800E-03   0.173648200E-03   0.413294903E+00   0.192573777E+01   0.121003738E-04
  -0.175126340E-02   0.308795000E-03   0.446627572E+00   0.184243880E+01   0.665688648E-05
  -0.311423560E-02   0.549123800E-03   0.497334997E+00   0.171593800E+01   0.401442885E-05
  -0.553798100E-02   0.976495500E-03   0.567008522E+00   0.153761738E+01   0.269975870E-05
  -0.984807750E-02   0.173648180E-02   0.652918089E+00   0.131516990E+01   0.215529411E-05
  -0.175126335E-01   0.308794980E-02   0.743737353E+00   0.106623548E+01   0.209564571E-05
  -0.311423556E-01   0.549123750E-02   0.825708781E+00   0.818905701E+00   0.253261759E-05
   0.955430324E-01   0.287363623E-01   0.596381476E+00   0.100453394E-01   0.886977450E+01
   0.955429363E-01   0.287441445E-01   0.620989505E+00   0.103457996E-01   0.928076181E+01
   0.955427654E-01   0.287579835E-01   0.512958490E+00   0.880370697E-02   0.999676208E+01
   0.955424616E-01   0.287825930E-01   0.685958459E+00   0.104815380E-01   0.128153745E+02
   0.955419213E-01   0.288263555E-01   0.792399790E+00   0.113934657E-01   0.200118468E+02
   0.955409605E-01   0.289041775E-01   0.888447571E+00   0.124276416E-01   0.335181789E+02
   0.955392519E-01   0.290425668E-01   0.986087370E+00   0.139322518E-01   0.561474085E+02
   0.955362136E-01   0.292886616E-01   0.109852886E+01   0.162255700E-01   0.849100619E+02
   0.955308106E-01   0.297262869E-01   0.125661564E+01   0.204048013E-01   0.108589218E+03
   0.955212025E-01   0.305045070E-01   0.151465836E+01   0.294608024E-01   0.869330143E+02
   0.955041166E-01   0.318883998E-01   0.171159158E+01   0.402774745E-01   0.743564807E+01
   0.954737332E-01   0.343493478E-01   0.171005635E+01   0.475934230E-01   0.221478813E-01
   0.954197031E-01   0.387256010E-01   0.170211533E+01   0.597028313E-01   0.421402951E-03
   0.953236224E-01   0.465078021E-01   0.167763652E+01   0.778980960E-01   0.505551202E-04
   0.951527640E-01   0.603467299E-01   0.162839554E+01   0.101399078E+00   0.239187622E-04
   0.330532624E+00   0.253030260E-02   0.364404970E+00  -0.686284595E-01   0.648482310E+02
   0.330534058E+00   0.253795210E-02   0.390828837E+00  -0.736664859E-01   0.651543066E+02
   0.330536609E+00   0.255155500E-02   0.393744904E+00  -0.742154269E-01   0.661646807E+02
   0.330541145E+00   0.257574480E-02   0.501288781E+00  -0.941195655E-01   0.678609000E+02
   0.330549211E+00   0.261876100E-02   0.612847811E+00  -0.114754775E+00   0.722664516E+02
   0.330563554E+00   0.269525580E-02   0.664712427E+00  -0.124280230E+00   0.781901057E+02
   0.330589060E+00   0.283128500E-02   0.719749026E+00  -0.134396661E+00   0.976002202E+02
   0.330634418E+00   0.307318290E-02   0.765037515E+00  -0.142613830E+00   0.126168442E+03
   0.330715076E+00   0.350334490E-02   0.816510497E+00  -0.151846980E+00   0.168017734E+03
   0.330858509E+00   0.426829310E-02   0.807199832E+00  -0.149994728E+00   0.161575382E+03
   0.331113573E+00   0.562858480E-02   0.956847203E+00  -0.176100425E+00   0.234246290E+03
   0.331567148E+00   0.804756360E-02   0.113490064E+01  -0.205246837E+00   0.239463261E+03
   0.332373730E+00   0.123491837E-01   0.132642917E+01  -0.233106775E+00   0.411460894E+02
   0.333808060E+00   0.199986662E-01   0.134396879E+01  -0.229225197E+00   0.260209735E-01
   0.336358699E+00   0.336015835E-01   0.133977221E+01  -0.216990301E+00   0.208462355E-03
   0.622972315E+00  -0.656280618E-01   0.329683062E+00  -0.872899508E-01   0.122758712E+03
   0.622974319E+00  -0.656205417E-01   0.330347335E+00  -0.874661709E-01   0.123164615E+03
   0.622977884E+00  -0.656071687E-01   0.331529469E+00  -0.877797689E-01   0.123886969E+03
   0.622984224E+00  -0.655833878E-01   0.397626515E+00  -0.105307195E+00   0.125434555E+03
   0.622995497E+00  -0.655410987E-01   0.474000140E+00  -0.125545410E+00   0.129316951E+03
   0.623015543E+00  -0.654658968E-01   0.513852346E+00  -0.136082945E+00   0.136977592E+03
   0.623051192E+00  -0.653321669E-01   0.549724716E+00  -0.145522064E+00   0.154112689E+03
   0.623114585E+00  -0.650943578E-01   0.573577932E+00  -0.151695389E+00   0.177764174E+03
   0.623227316E+00  -0.646714668E-01   0.600528437E+00  -0.158601465E+00   0.217062366E+03
   0.623427784E+00  -0.639194483E-01   0.638990709E+00  -0.168277965E+00   0.281036577E+03
   0.623784270E+00  -0.625821494E-01   0.646510746E+00  -0.170141612E+00   0.285206836E+03
   0.624418203E+00  -0.602040582E-01   0.750401423E+00  -0.195639497E+00   0.417602832E+03
   0.625545513E+00  -0.559751477E-01   0.895664139E+00  -0.229584328E+00   0.457386623E+03
   0.627550184E+00  -0.484549632E-01   0.109171860E+01  -0.272031155E+00   0.143375136E+03
   0.631115051E+00  -0.350819739E-01   0.112860998E+01  -0.272669768E+00   0.650465910E-01
   0.872594799E+00  -0.137039671E+00   0.325821285E+00  -0.965450093E-01   0.182012929E+03
   0.872597069E+00  -0.137032227E+00   0.298267301E+00  -0.881141486E-01   0.182865751E+03
   0.872601107E+00  -0.137018989E+00   0.298441009E+00  -0.881737421E-01   0.182988272E+03
   0.872608286E+00  -0.136995448E+00   0.317334798E+00  -0.938635393E-01   0.185191906E+03
   0.872621054E+00  -0.136953586E+00   0.342955070E+00  -0.101547280E+00   0.190644679E+03
   0.872643758E+00  -0.136879143E+00   0.362307459E+00  -0.107342357E+00   0.198341095E+03
   0.872684133E+00  -0.136746763E+00   0.365703301E+00  -0.108172982E+00   0.207246677E+03
   0.872755931E+00  -0.136511355E+00   0.373775829E+00  -0.110366151E+00   0.225135474E+03
   0.872883607E+00  -0.136092734E+00   0.385682824E+00  -0.113615976E+00   0.254192316E+03
   0.873110652E+00  -0.135348308E+00   0.407879890E+00  -0.119488382E+00   0.312124324E+03
   0.873514400E+00  -0.134024511E+00   0.415910975E+00  -0.122600844E+00   0.312591672E+03
   0.874232378E+00  -0.131670430E+00   0.484785524E+00  -0.139943634E+00   0.500099149E+03
   0.875509143E+00  -0.127484217E+00   0.582980127E+00  -0.162942031E+00   0.693131966E+03
   0.877779587E+00  -0.120039960E+00   0.749637106E+00  -0.199995014E+00   0.656817996E+03
   0.881817071E+00  -0.106801990E+00   0.965394468E+00  -0.242428592E+00   0.120285408E+03
   0.993604511E+00  -0.175189154E+00   0.173484935E+00  -0.552336242E-02   0.161327131E+02
   0.993606399E+00  -0.175181604E+00   0.170241200E+00  -0.546695186E-02   0.161602856E+02
   0.993609755E+00  -0.175168177E+00   0.164467554E+00  -0.536708800E-02   0.162095782E+02
   0.993615723E+00  -0.175144300E+00   0.120370779E+00  -0.513107528E-02   0.160028107E+02
   0.993626337E+00  -0.175101841E+00   0.109340347E+00  -0.444693016E-02   0.159296463E+02
   0.993645210E+00  -0.175026336E+00   0.951667495E-01  -0.559482182E-02   0.171520021E+02
   0.993678773E+00  -0.174892067E+00   0.866998784E-01  -0.102864024E-01   0.221799582E+02
   0.993738457E+00  -0.174653300E+00   0.583115861E-01  -0.105118121E-01   0.418011659E+02
   0.993844591E+00  -0.174228706E+00   0.101915228E+00  -0.298733792E-01   0.961356691E+02
   0.994033327E+00  -0.173473658E+00   0.132775794E+00  -0.373634535E-01   0.178328594E+03
   0.994368953E+00  -0.172130971E+00   0.174422436E+00  -0.445315075E-01   0.282673825E+03
   0.994965790E+00  -0.169743300E+00   0.235295224E+00  -0.548370582E-01   0.457269174E+03
   0.996027132E+00  -0.165497353E+00   0.326568882E+00  -0.707187367E-01   0.691523571E+03
   0.997914495E+00  -0.157946873E+00   0.474787570E+00  -0.971634223E-01   0.876491975E+03
   0.100127075E+01  -0.144520011E+00   0.742078739E+00  -0.143452905E+00   0.808991200E+03
