 hih1=   2.462 Number of points =  130
   0.100000000E+00   0.100000000E-05   0.378988400E+00   0.234716463E-06   0.790989254E+01
   0.100000000E+00   0.177830000E-05   0.433310306E+00   0.477860205E-06   0.168266151E+02
   0.100000000E+00   0.316230000E-05   0.482875985E+00   0.946980148E-06   0.331997260E+02
   0.100000000E+00   0.562340000E-05   0.529272301E+00   0.184746042E-05   0.627446067E+02
   0.100000000E+00   0.100000000E-04   0.574111853E+00   0.356648650E-05   0.115505752E+03
   0.100000000E+00   0.177828000E-04   0.617944469E+00   0.683997809E-05   0.208929221E+03
   0.100000000E+00   0.316228000E-04   0.661317738E+00   0.130704932E-04   0.372510629E+03
   0.100000000E+00   0.562341000E-04   0.704865593E+00   0.249568677E-04   0.653506514E+03
   0.100000000E+00   0.100000000E-03   0.748792074E+00   0.478827638E-04   0.111664775E+04
   0.100000000E+00   0.177827900E-03   0.794541764E+00   0.930365129E-04   0.181388142E+04
   0.100000000E+00   0.316227800E-03   0.844094194E+00   0.186650998E-03   0.261931887E+04
   0.100000000E+00   0.562341300E-03   0.905338495E+00   0.410288475E-03   0.256480544E+04
   0.100000000E+00   0.100000000E-02   0.988635516E+00   0.989425551E-03   0.776130282E+03
   0.200000000E+00   0.100000000E-05   0.359189707E+00   0.107738394E-06   0.745900527E+01
   0.200000000E+00   0.177830000E-05   0.411722259E+00   0.219982858E-06   0.159846130E+02
   0.200000000E+00   0.316230000E-05   0.459507294E+00   0.436576318E-06   0.316752888E+02
   0.200000000E+00   0.562340000E-05   0.504130451E+00   0.852218188E-06   0.600446111E+02
   0.200000000E+00   0.100000000E-04   0.547171919E+00   0.164501299E-05   0.110843328E+03
   0.200000000E+00   0.177828000E-04   0.589157032E+00   0.315194469E-05   0.201230024E+03
   0.200000000E+00   0.316228000E-04   0.630573975E+00   0.600969550E-05   0.361016851E+03
   0.200000000E+00   0.562341000E-04   0.671934338E+00   0.114239160E-04   0.640842276E+03
   0.200000000E+00   0.100000000E-03   0.713212461E+00   0.217231639E-04   0.112198285E+04
   0.200000000E+00   0.177827900E-03   0.755281911E+00   0.414631106E-04   0.192012634E+04
   0.200000000E+00   0.316227800E-03   0.798702722E+00   0.801161461E-04   0.313632260E+04
   0.200000000E+00   0.562341300E-03   0.845579089E+00   0.159294912E-03   0.460840434E+04
   0.200000000E+00   0.100000000E-02   0.902210411E+00   0.342298041E-03   0.483556135E+04
   0.300000000E+00   0.100000000E-05   0.348334302E+00   0.682933203E-07   0.721007038E+01
   0.300000000E+00   0.177830000E-05   0.399879518E+00   0.139581488E-06   0.155182937E+02
   0.300000000E+00   0.316230000E-05   0.446683493E+00   0.277217242E-06   0.308274402E+02
   0.300000000E+00   0.562340000E-05   0.490333137E+00   0.541452591E-06   0.585308777E+02
   0.300000000E+00   0.100000000E-04   0.532394318E+00   0.104555510E-05   0.108185872E+03
   0.300000000E+00   0.177828000E-04   0.573385771E+00   0.200358378E-05   0.196680131E+03
   0.300000000E+00   0.316228000E-04   0.613776791E+00   0.381893398E-05   0.353600404E+03
   0.300000000E+00   0.562341000E-04   0.654040429E+00   0.725170955E-05   0.630050567E+03
   0.300000000E+00   0.100000000E-03   0.694089875E+00   0.137551882E-04   0.111135315E+04
   0.300000000E+00   0.177827900E-03   0.734643472E+00   0.261195918E-04   0.193101811E+04
   0.300000000E+00   0.316227800E-03   0.775931363E+00   0.499291753E-04   0.326019990E+04
   0.300000000E+00   0.562341300E-03   0.819183681E+00   0.970169938E-04   0.517963000E+04
   0.300000000E+00   0.100000000E-02   0.867088342E+00   0.195719444E-03   0.709538731E+04
   0.400000000E+00   0.100000000E-05   0.340934202E+00   0.495207394E-07   0.703946907E+01
   0.400000000E+00   0.177830000E-05   0.391803469E+00   0.101260801E-06   0.151981735E+02
   0.400000000E+00   0.316230000E-05   0.437935958E+00   0.201175194E-06   0.302444426E+02
   0.400000000E+00   0.562340000E-05   0.480919998E+00   0.393019742E-06   0.574868288E+02
   0.400000000E+00   0.100000000E-04   0.522312693E+00   0.759031196E-06   0.106341521E+03
   0.400000000E+00   0.177828000E-04   0.562630130E+00   0.145452757E-05   0.193480492E+03
   0.400000000E+00   0.316228000E-04   0.602332248E+00   0.277181678E-05   0.348229649E+03
   0.400000000E+00   0.562341000E-04   0.641872852E+00   0.526029449E-05   0.621642989E+03
   0.400000000E+00   0.100000000E-03   0.681138453E+00   0.996507135E-05   0.110048598E+04
   0.400000000E+00   0.177827900E-03   0.720775204E+00   0.188742399E-04   0.192587836E+04
   0.400000000E+00   0.316227800E-03   0.760873956E+00   0.358936129E-04   0.330095844E+04
   0.400000000E+00   0.562341300E-03   0.802316511E+00   0.690042695E-04   0.542437055E+04
   0.400000000E+00   0.100000000E-02   0.846817732E+00   0.136029490E-03   0.811226298E+04
   0.500000000E+00   0.100000000E-05   0.335360892E+00   0.385419811E-07   0.691086256E+01
   0.500000000E+00   0.177830000E-05   0.385719838E+00   0.788883625E-07   0.149564964E+02
   0.500000000E+00   0.316230000E-05   0.431345668E+00   0.156809631E-06   0.298037932E+02
   0.500000000E+00   0.562340000E-05   0.473827870E+00   0.306433802E-06   0.566963149E+02
   0.500000000E+00   0.100000000E-04   0.514717307E+00   0.591890050E-06   0.104940362E+03
   0.500000000E+00   0.177828000E-04   0.554528806E+00   0.113424922E-05   0.191032959E+03
   0.500000000E+00   0.316228000E-04   0.593716678E+00   0.216118278E-05   0.344060288E+03
   0.500000000E+00   0.562341000E-04   0.632723028E+00   0.409997544E-05   0.614890364E+03
   0.500000000E+00   0.100000000E-03   0.671420105E+00   0.776101491E-05   0.109084476E+04
   0.500000000E+00   0.177827900E-03   0.710412215E+00   0.146775247E-04   0.191694321E+04
   0.500000000E+00   0.316227800E-03   0.749715320E+00   0.278290615E-04   0.331392286E+04
   0.500000000E+00   0.562341300E-03   0.790029156E+00   0.531777578E-04   0.554780989E+04
   0.500000000E+00   0.100000000E-02   0.832602989E+00   0.103524241E-03   0.866645534E+04
   0.600000000E+00   0.100000000E-05   0.330913209E+00   0.313523420E-07   0.680828055E+01
   0.600000000E+00   0.177830000E-05   0.380864147E+00   0.642239149E-07   0.147635003E+02
   0.600000000E+00   0.316230000E-05   0.426085157E+00   0.127714848E-06   0.294515622E+02
   0.600000000E+00   0.562340000E-05   0.468166665E+00   0.249635106E-06   0.560636086E+02
   0.600000000E+00   0.100000000E-04   0.508654702E+00   0.482233496E-06   0.103816385E+03
   0.600000000E+00   0.177828000E-04   0.548063434E+00   0.924121143E-06   0.189060926E+03
   0.600000000E+00   0.316228000E-04   0.586843362E+00   0.176062533E-05   0.340670105E+03
   0.600000000E+00   0.562341000E-04   0.625428605E+00   0.333918125E-05   0.609288684E+03
   0.600000000E+00   0.100000000E-03   0.663682773E+00   0.631739606E-05   0.108241668E+04
   0.600000000E+00   0.177827900E-03   0.702182551E+00   0.119349964E-04   0.190727603E+04
   0.600000000E+00   0.316227800E-03   0.740897503E+00   0.225846307E-04   0.331541801E+04
   0.600000000E+00   0.562341300E-03   0.780416179E+00   0.429901735E-04   0.561565711E+04
   0.600000000E+00   0.100000000E-02   0.821716690E+00   0.830220316E-04   0.900844752E+04
   0.700000000E+00   0.100000000E-05   0.327240341E+00   0.261979215E-07   0.672360798E+01
   0.700000000E+00   0.177830000E-05   0.376853822E+00   0.537017394E-07   0.146040470E+02
   0.700000000E+00   0.316230000E-05   0.421740183E+00   0.106829258E-06   0.291603299E+02
   0.700000000E+00   0.562340000E-05   0.463490618E+00   0.208853358E-06   0.555399810E+02
   0.700000000E+00   0.100000000E-04   0.503647249E+00   0.403494537E-06   0.102884704E+03
   0.700000000E+00   0.177828000E-04   0.542723889E+00   0.773252403E-06   0.187421280E+03
   0.700000000E+00   0.316228000E-04   0.581168283E+00   0.147311510E-05   0.337833800E+03
   0.700000000E+00   0.562341000E-04   0.619408714E+00   0.279343355E-05   0.604539985E+03
   0.700000000E+00   0.100000000E-03   0.657303191E+00   0.528299477E-05   0.107503722E+04
   0.700000000E+00   0.177827900E-03   0.695408738E+00   0.997375728E-05   0.189785635E+04
   0.700000000E+00   0.316227800E-03   0.733663687E+00   0.188476617E-04   0.331167927E+04
   0.700000000E+00   0.562341300E-03   0.772582303E+00   0.357812937E-04   0.565445621E+04
   0.700000000E+00   0.100000000E-02   0.812968050E+00   0.687294958E-04   0.923319081E+04
   0.800000000E+00   0.100000000E-05   0.324146313E+00   0.221309624E-07   0.665230453E+01
   0.800000000E+00   0.177830000E-05   0.373475154E+00   0.453912580E-07   0.144696564E+02
   0.800000000E+00   0.316230000E-05   0.418079366E+00   0.903245967E-07   0.289147034E+02
   0.800000000E+00   0.562340000E-05   0.459550784E+00   0.176615346E-06   0.550979737E+02
   0.800000000E+00   0.100000000E-04   0.499428279E+00   0.341239241E-06   0.102097164E+03
   0.800000000E+00   0.177828000E-04   0.538225480E+00   0.653957237E-06   0.186031828E+03
   0.800000000E+00   0.316228000E-04   0.576388031E+00   0.124578709E-05   0.335418673E+03
   0.800000000E+00   0.562341000E-04   0.614339717E+00   0.236205104E-05   0.600457045E+03
   0.800000000E+00   0.100000000E-03   0.651934667E+00   0.446599980E-05   0.106854988E+04
   0.800000000E+00   0.177827900E-03   0.689715046E+00   0.842739621E-05   0.188902461E+04
   0.800000000E+00   0.316227800E-03   0.727596692E+00   0.159116085E-04   0.330550567E+04
   0.800000000E+00   0.562341300E-03   0.766040612E+00   0.301572833E-04   0.567683074E+04
   0.800000000E+00   0.100000000E-02   0.805728715E+00   0.577339528E-04   0.938792791E+04
   0.900000000E+00   0.100000000E-05   0.321551747E+00   0.180910452E-07   0.659250797E+01
   0.900000000E+00   0.177830000E-05   0.370641681E+00   0.371218915E-07   0.143568454E+02
   0.900000000E+00   0.316230000E-05   0.415009183E+00   0.738851102E-07   0.287083194E+02
   0.900000000E+00   0.562340000E-05   0.456246618E+00   0.144483428E-06   0.547261009E+02
   0.900000000E+00   0.100000000E-04   0.495890163E+00   0.279159723E-06   0.101433270E+03
   0.900000000E+00   0.177828000E-04   0.534453351E+00   0.534960578E-06   0.184856781E+03
   0.900000000E+00   0.316228000E-04   0.572380146E+00   0.101900206E-05   0.333365381E+03
   0.900000000E+00   0.562341000E-04   0.610090700E+00   0.193182435E-05   0.596954005E+03
   0.900000000E+00   0.100000000E-03   0.647436135E+00   0.365213177E-05   0.106288374E+04
   0.900000000E+00   0.177827900E-03   0.684946712E+00   0.689123078E-05   0.188096561E+04
   0.900000000E+00   0.316227800E-03   0.722520863E+00   0.130120205E-04   0.329837872E+04
   0.900000000E+00   0.562341300E-03   0.760579099E+00   0.246656377E-04   0.568952986E+04
   0.900000000E+00   0.100000000E-02   0.799713854E+00   0.472176351E-04   0.949840105E+04
   0.100000000E+01   0.100000000E-05   0.338455236E+00  -0.197982989E-02   0.885472533E+01
   0.100000000E+01   0.177830000E-05   0.380107661E+00  -0.224275250E-02   0.169671830E+02
   0.100000000E+01   0.316230000E-05   0.421220135E+00  -0.238676155E-02   0.311571342E+02
   0.100000000E+01   0.562340000E-05   0.460851749E+00  -0.243394911E-02   0.565792847E+02
   0.100000000E+01   0.100000000E-04   0.499365493E+00  -0.241516046E-02   0.102312444E+03
   0.100000000E+01   0.177828000E-04   0.536991730E+00  -0.231029988E-02   0.186365498E+03
   0.100000000E+01   0.316228000E-04   0.574127365E+00  -0.208548265E-02   0.334709037E+03
   0.100000000E+01   0.562341000E-04   0.611055539E+00  -0.180004921E-02   0.597813424E+03
   0.100000000E+01   0.100000000E-03   0.647618234E+00  -0.153861858E-02   0.106309646E+04
   0.100000000E+01   0.177827900E-03   0.684358277E+00  -0.133424940E-02   0.188084420E+04
   0.100000000E+01   0.316227800E-03   0.721176666E+00  -0.117356197E-02   0.330105626E+04
   0.100000000E+01   0.562341300E-03   0.758455143E+00  -0.104257899E-02   0.571006993E+04
   0.100000000E+01   0.100000000E-02   0.796713617E+00  -0.927791226E-03   0.959681634E+04
