 hih1=   1.231 Number of points =  130
   0.100000000E+00   0.100000000E-05   0.377535724E+00   0.233534344E-06   0.797147655E+01
   0.100000000E+00   0.177830000E-05   0.431847576E+00   0.475365560E-06   0.169100358E+02
   0.100000000E+00   0.316230000E-05   0.481266307E+00   0.942517685E-06   0.333194796E+02
   0.100000000E+00   0.562340000E-05   0.527808894E+00   0.183922769E-05   0.629196669E+02
   0.100000000E+00   0.100000000E-04   0.572678363E+00   0.355249890E-05   0.115776214E+03
   0.100000000E+00   0.177828000E-04   0.616591369E+00   0.681657932E-05   0.209365687E+03
   0.100000000E+00   0.316228000E-04   0.660071509E+00   0.130314358E-04   0.373258400E+03
   0.100000000E+00   0.562341000E-04   0.703594461E+00   0.248992839E-04   0.654740729E+03
   0.100000000E+00   0.100000000E-03   0.747735097E+00   0.477766515E-04   0.111935573E+04
   0.100000000E+00   0.177827900E-03   0.793506235E+00   0.928655129E-04   0.181934805E+04
   0.100000000E+00   0.316227800E-03   0.843167591E+00   0.186240931E-03   0.263548746E+04
   0.100000000E+00   0.562341300E-03   0.903992512E+00   0.407561162E-03   0.261781694E+04
   0.100000000E+00   0.100000000E-02   0.988716694E+00   0.988168051E-03   0.692906907E+03
   0.200000000E+00   0.100000000E-05   0.357858531E+00   0.107031125E-06   0.751547021E+01
   0.200000000E+00   0.177830000E-05   0.410374434E+00   0.218335565E-06   0.160603726E+02
   0.200000000E+00   0.316230000E-05   0.458009623E+00   0.433420751E-06   0.317832250E+02
   0.200000000E+00   0.562340000E-05   0.502766276E+00   0.846277259E-06   0.602002184E+02
   0.200000000E+00   0.100000000E-04   0.545828862E+00   0.163462298E-05   0.111080636E+03
   0.200000000E+00   0.177828000E-04   0.587883799E+00   0.313416667E-05   0.201607229E+03
   0.200000000E+00   0.316228000E-04   0.629396206E+00   0.597960737E-05   0.361646744E+03
   0.200000000E+00   0.562341000E-04   0.670725819E+00   0.113764373E-04   0.641886832E+03
   0.200000000E+00   0.100000000E-03   0.712205748E+00   0.216412546E-04   0.112402143E+04
   0.200000000E+00   0.177827900E-03   0.754299030E+00   0.413341946E-04   0.192391191E+04
   0.200000000E+00   0.316227800E-03   0.797862319E+00   0.798834445E-04   0.314582876E+04
   0.200000000E+00   0.562341300E-03   0.844775726E+00   0.158846991E-03   0.463358222E+04
   0.200000000E+00   0.100000000E-02   0.901049450E+00   0.340845401E-03   0.491912507E+04
   0.300000000E+00   0.100000000E-05   0.347066592E+00   0.679506477E-07   0.726463967E+01
   0.300000000E+00   0.177830000E-05   0.398592731E+00   0.138850714E-06   0.155912834E+02
   0.300000000E+00   0.316230000E-05   0.445247173E+00   0.275880586E-06   0.309312391E+02
   0.300000000E+00   0.562340000E-05   0.489025462E+00   0.538907993E-06   0.586798250E+02
   0.300000000E+00   0.100000000E-04   0.531105267E+00   0.104104672E-05   0.108411864E+03
   0.300000000E+00   0.177828000E-04   0.572163172E+00   0.199565184E-05   0.197036778E+03
   0.300000000E+00   0.316228000E-04   0.612645845E+00   0.380495817E-05   0.354188609E+03
   0.300000000E+00   0.562341000E-04   0.652877950E+00   0.722887871E-05   0.631024905E+03
   0.300000000E+00   0.100000000E-03   0.693123629E+00   0.137131197E-04   0.111316756E+04
   0.300000000E+00   0.177827900E-03   0.733700560E+00   0.260491677E-04   0.193428888E+04
   0.300000000E+00   0.316227800E-03   0.775133170E+00   0.497955147E-04   0.326761961E+04
   0.300000000E+00   0.562341300E-03   0.818446107E+00   0.967514213E-04   0.519797247E+04
   0.300000000E+00   0.100000000E-02   0.866268739E+00   0.195266344E-03   0.715593656E+04
   0.400000000E+00   0.100000000E-05   0.339702004E+00   0.492416789E-07   0.709360864E+01
   0.400000000E+00   0.177830000E-05   0.390550797E+00   0.100713550E-06   0.152707160E+02
   0.400000000E+00   0.316230000E-05   0.436535012E+00   0.200209939E-06   0.303477428E+02
   0.400000000E+00   0.562340000E-05   0.479645856E+00   0.391206836E-06   0.576351120E+02
   0.400000000E+00   0.100000000E-04   0.521057170E+00   0.755823089E-06   0.106566500E+03
   0.400000000E+00   0.177828000E-04   0.561440551E+00   0.144884618E-05   0.193835128E+03
   0.400000000E+00   0.316228000E-04   0.601233558E+00   0.276169767E-05   0.348811980E+03
   0.400000000E+00   0.562341000E-04   0.640743974E+00   0.524350363E-05   0.622609131E+03
   0.400000000E+00   0.100000000E-03   0.680203771E+00   0.993380748E-05   0.110223920E+04
   0.400000000E+00   0.177827900E-03   0.719865110E+00   0.188211203E-04   0.192898733E+04
   0.400000000E+00   0.316227800E-03   0.760110031E+00   0.357941351E-04   0.330753343E+04
   0.400000000E+00   0.562341300E-03   0.801622743E+00   0.688169691E-04   0.543946700E+04
   0.400000000E+00   0.100000000E-02   0.846091618E+00   0.135727615E-03   0.814180841E+04
   0.500000000E+00   0.100000000E-05   0.334159981E+00   0.382484308E-07   0.696462514E+01
   0.500000000E+00   0.177830000E-05   0.384497734E+00   0.782698533E-07   0.150286454E+02
   0.500000000E+00   0.316230000E-05   0.429976431E+00   0.155654430E-06   0.299066714E+02
   0.500000000E+00   0.562340000E-05   0.472584159E+00   0.304241082E-06   0.568440926E+02
   0.500000000E+00   0.100000000E-04   0.513492276E+00   0.587942517E-06   0.105164678E+03
   0.500000000E+00   0.177828000E-04   0.553369360E+00   0.112719486E-05   0.191386496E+03
   0.500000000E+00   0.316228000E-04   0.592647512E+00   0.214859036E-05   0.344639760E+03
   0.500000000E+00   0.562341000E-04   0.631624590E+00   0.407849811E-05   0.615853959E+03
   0.500000000E+00   0.100000000E-03   0.670514043E+00   0.772185977E-05   0.109257045E+04
   0.500000000E+00   0.177827900E-03   0.709531082E+00   0.146102573E-04   0.191998625E+04
   0.500000000E+00   0.316227800E-03   0.748979834E+00   0.277078408E-04   0.332010580E+04
   0.500000000E+00   0.562341300E-03   0.789366588E+00   0.529603157E-04   0.556131877E+04
   0.500000000E+00   0.100000000E-02   0.831919048E+00   0.103146028E-03   0.869220046E+04
   0.600000000E+00   0.100000000E-05   0.329754925E+00   0.310128262E-07   0.686171378E+01
   0.600000000E+00   0.177830000E-05   0.379685249E+00   0.635127506E-07   0.148353977E+02
   0.600000000E+00   0.316230000E-05   0.424760836E+00   0.126360077E-06   0.295543373E+02
   0.600000000E+00   0.562340000E-05   0.466967479E+00   0.247038849E-06   0.562115262E+02
   0.600000000E+00   0.100000000E-04   0.507474799E+00   0.477451952E-06   0.104041256E+03
   0.600000000E+00   0.177828000E-04   0.546949345E+00   0.915375527E-06   0.189415613E+03
   0.600000000E+00   0.316228000E-04   0.585819572E+00   0.174466363E-05   0.341251058E+03
   0.600000000E+00   0.562341000E-04   0.624376781E+00   0.331089888E-05   0.610256457E+03
   0.600000000E+00   0.100000000E-03   0.662822382E+00   0.626523234E-05   0.108413508E+04
   0.600000000E+00   0.177827900E-03   0.701347887E+00   0.118421698E-04   0.191029844E+04
   0.600000000E+00   0.316227800E-03   0.740208521E+00   0.224149748E-04   0.332140298E+04
   0.600000000E+00   0.562341300E-03   0.779802539E+00   0.426824822E-04   0.562826968E+04
   0.600000000E+00   0.100000000E-02   0.821089769E+00   0.824890050E-04   0.903191728E+04
   0.700000000E+00   0.100000000E-05   0.326131070E+00   0.257594343E-07   0.677709063E+01
   0.700000000E+00   0.177830000E-05   0.375725722E+00   0.527884679E-07   0.146763380E+02
   0.700000000E+00   0.316230000E-05   0.420469366E+00   0.105060465E-06   0.292641085E+02
   0.700000000E+00   0.562340000E-05   0.462345900E+00   0.205436045E-06   0.556899476E+02
   0.700000000E+00   0.100000000E-04   0.502523596E+00   0.397082632E-06   0.103113405E+03
   0.700000000E+00   0.177828000E-04   0.541667528E+00   0.761303772E-06   0.187782694E+03
   0.700000000E+00   0.316228000E-04   0.580203527E+00   0.145092096E-05   0.338425688E+03
   0.700000000E+00   0.562341000E-04   0.618418232E+00   0.275298642E-05   0.605526651E+03
   0.700000000E+00   0.100000000E-03   0.656504605E+00   0.520766213E-05   0.107677529E+04
   0.700000000E+00   0.177827900E-03   0.694637672E+00   0.983667738E-05   0.190090149E+04
   0.700000000E+00   0.316227800E-03   0.733039114E+00   0.185954129E-04   0.331758475E+04
   0.700000000E+00   0.562341300E-03   0.772034885E+00   0.353217095E-04   0.566656544E+04
   0.700000000E+00   0.100000000E-02   0.812411503E+00   0.679162074E-04   0.925541290E+04
   0.800000000E+00   0.100000000E-05   0.323106597E+00   0.214555510E-07   0.670648332E+01
   0.800000000E+00   0.177830000E-05   0.372420764E+00   0.439925774E-07   0.145435041E+02
   0.800000000E+00   0.316230000E-05   0.416887164E+00   0.875798158E-07   0.290215451E+02
   0.800000000E+00   0.562340000E-05   0.458488105E+00   0.171279772E-06   0.552535999E+02
   0.800000000E+00   0.100000000E-04   0.498390783E+00   0.331084279E-06   0.102335945E+03
   0.800000000E+00   0.177828000E-04   0.537259147E+00   0.634769837E-06   0.186410612E+03
   0.800000000E+00   0.316228000E-04   0.575517042E+00   0.120969436E-05   0.336039272E+03
   0.800000000E+00   0.562341000E-04   0.613447604E+00   0.229494667E-05   0.601490706E+03
   0.800000000E+00   0.100000000E-03   0.651237476E+00   0.434017267E-05   0.107035294E+04
   0.800000000E+00   0.177827900E-03   0.689049434E+00   0.819463386E-05   0.189215919E+04
   0.800000000E+00   0.316227800E-03   0.727080543E+00   0.154798175E-04   0.331145334E+04
   0.800000000E+00   0.562341300E-03   0.765604870E+00   0.293629478E-04   0.568871362E+04
   0.800000000E+00   0.100000000E-02   0.805288108E+00   0.562981741E-04   0.940945489E+04
   0.900000000E+00   0.100000000E-05   0.320637536E+00   0.166354862E-07   0.664881798E+01
   0.900000000E+00   0.177830000E-05   0.369722580E+00   0.341222856E-07   0.144348912E+02
   0.900000000E+00   0.316230000E-05   0.413962623E+00   0.679408811E-07   0.288229468E+02
   0.900000000E+00   0.562340000E-05   0.455338673E+00   0.132876473E-06   0.548956707E+02
   0.900000000E+00   0.100000000E-04   0.495017083E+00   0.256838094E-06   0.101696386E+03
   0.900000000E+00   0.177828000E-04   0.533660926E+00   0.492324694E-06   0.185276920E+03
   0.900000000E+00   0.316228000E-04   0.571692467E+00   0.938131264E-06   0.334053907E+03
   0.900000000E+00   0.562341000E-04   0.609391992E+00   0.177955601E-05   0.598095889E+03
   0.900000000E+00   0.100000000E-03   0.646940974E+00   0.336535627E-05   0.106484488E+04
   0.900000000E+00   0.177827900E-03   0.684492217E+00   0.635552538E-05   0.188432308E+04
   0.900000000E+00   0.316227800E-03   0.722223184E+00   0.120143899E-04   0.330457433E+04
   0.900000000E+00   0.562341300E-03   0.760367989E+00   0.228230023E-04   0.570155808E+04
   0.900000000E+00   0.100000000E-02   0.799502808E+00   0.438573035E-04   0.951992543E+04
   0.100000000E+01   0.100000000E-05   0.334721926E+00  -0.283012457E-02   0.837606035E+01
   0.100000000E+01   0.177830000E-05   0.379132632E+00  -0.304125451E-02   0.161956169E+02
   0.100000000E+01   0.316230000E-05   0.421063363E+00  -0.310810894E-02   0.302862345E+02
   0.100000000E+01   0.562340000E-05   0.460964029E+00  -0.307122856E-02   0.559072027E+02
   0.100000000E+01   0.100000000E-04   0.499515829E+00  -0.290585154E-02   0.103160691E+03
   0.100000000E+01   0.177828000E-04   0.537260388E+00  -0.258418747E-02   0.186726563E+03
   0.100000000E+01   0.316228000E-04   0.574422193E+00  -0.219328400E-02   0.335410787E+03
   0.100000000E+01   0.562341000E-04   0.611284742E+00  -0.183785768E-02   0.599249936E+03
   0.100000000E+01   0.100000000E-03   0.648040115E+00  -0.156612041E-02   0.106566749E+04
   0.100000000E+01   0.177827900E-03   0.684837583E+00  -0.136180567E-02   0.188520452E+04
   0.100000000E+01   0.316227800E-03   0.721820666E+00  -0.120493438E-02   0.330883166E+04
   0.100000000E+01   0.562341300E-03   0.759182006E+00  -0.108054059E-02   0.572460730E+04
   0.100000000E+01   0.100000000E-02   0.797426073E+00  -0.975643753E-03   0.962232875E+04
