 hih1=   1.000 Number of points =  130
   0.100000000E+00   0.100000000E-05   0.398162785E+00   0.245413245E-06   0.105106308E+02
   0.100000000E+00   0.177830000E-05   0.441544939E+00   0.481880483E-06   0.213862768E+02
   0.100000000E+00   0.316230000E-05   0.483285166E+00   0.936963025E-06   0.390249917E+02
   0.100000000E+00   0.562340000E-05   0.525101854E+00   0.181164275E-05   0.696614075E+02
   0.100000000E+00   0.100000000E-04   0.567230443E+00   0.348588438E-05   0.123724660E+03
   0.100000000E+00   0.177828000E-04   0.609639045E+00   0.668190682E-05   0.218955375E+03
   0.100000000E+00   0.316228000E-04   0.652361254E+00   0.127902401E-04   0.384595314E+03
   0.100000000E+00   0.562341000E-04   0.695784876E+00   0.245729747E-04   0.663580851E+03
   0.100000000E+00   0.100000000E-03   0.740793827E+00   0.478855306E-04   0.110127726E+04
   0.100000000E+00   0.177827900E-03   0.789339143E+00   0.961301677E-04   0.170449448E+04
   0.100000000E+00   0.316227800E-03   0.844479177E+00   0.201372214E-03   0.236387593E+04
   0.100000000E+00   0.562341300E-03   0.909543391E+00   0.437520547E-03   0.269648831E+04
   0.100000000E+00   0.100000000E-02   0.979880690E+00   0.908821139E-03   0.172559887E+04
   0.200000000E+00   0.100000000E-05   0.378723236E+00   0.112957623E-06   0.986262940E+01
   0.200000000E+00   0.177830000E-05   0.420597104E+00   0.222096091E-06   0.204048731E+02
   0.200000000E+00   0.316230000E-05   0.460606490E+00   0.432007769E-06   0.373744398E+02
   0.200000000E+00   0.562340000E-05   0.500641523E+00   0.835367605E-06   0.667922250E+02
   0.200000000E+00   0.100000000E-04   0.540958395E+00   0.160693296E-05   0.118788228E+03
   0.200000000E+00   0.177828000E-04   0.581496323E+00   0.307681285E-05   0.210869455E+03
   0.200000000E+00   0.316228000E-04   0.622191076E+00   0.587046209E-05   0.373272552E+03
   0.200000000E+00   0.562341000E-04   0.663163935E+00   0.111843186E-04   0.656301961E+03
   0.200000000E+00   0.100000000E-03   0.704686911E+00   0.213788581E-04   0.113509495E+04
   0.200000000E+00   0.177827900E-03   0.747609054E+00   0.413930285E-04   0.189343130E+04
   0.200000000E+00   0.316227800E-03   0.793644896E+00   0.824089462E-04   0.295584811E+04
   0.200000000E+00   0.562341300E-03   0.845612195E+00   0.171012347E-03   0.415611498E+04
   0.200000000E+00   0.100000000E-02   0.906754400E+00   0.368865682E-03   0.487681593E+04
   0.300000000E+00   0.100000000E-05   0.368031725E+00   0.718545047E-07   0.950151685E+01
   0.300000000E+00   0.177830000E-05   0.409090001E+00   0.141401475E-06   0.198602297E+02
   0.300000000E+00   0.316230000E-05   0.448150808E+00   0.275120427E-06   0.364601563E+02
   0.300000000E+00   0.562340000E-05   0.487209155E+00   0.532062338E-06   0.651941464E+02
   0.300000000E+00   0.100000000E-04   0.526538940E+00   0.102350387E-05   0.115992500E+03
   0.300000000E+00   0.177828000E-04   0.566075876E+00   0.195933159E-05   0.206072807E+03
   0.300000000E+00   0.316228000E-04   0.605734940E+00   0.373565655E-05   0.365507372E+03
   0.300000000E+00   0.562341000E-04   0.645574168E+00   0.710256175E-05   0.645859547E+03
   0.300000000E+00   0.100000000E-03   0.685702623E+00   0.135049777E-04   0.113064034E+04
   0.300000000E+00   0.177827900E-03   0.726593928E+00   0.258346153E-04   0.193602668E+04
   0.300000000E+00   0.316227800E-03   0.769307140E+00   0.503004291E-04   0.316647218E+04
   0.300000000E+00   0.562341300E-03   0.815900010E+00   0.101251257E-03   0.478802111E+04
   0.300000000E+00   0.100000000E-02   0.869413209E+00   0.212805746E-03   0.639938469E+04
   0.400000000E+00   0.100000000E-05   0.360727721E+00   0.521316945E-07   0.925293677E+01
   0.400000000E+00   0.177830000E-05   0.401235008E+00   0.102654985E-06   0.194862198E+02
   0.400000000E+00   0.316230000E-05   0.439649037E+00   0.199773801E-06   0.358336052E+02
   0.400000000E+00   0.562340000E-05   0.478040736E+00   0.386356352E-06   0.640974346E+02
   0.400000000E+00   0.100000000E-04   0.516697861E+00   0.743281111E-06   0.114064022E+03
   0.400000000E+00   0.177828000E-04   0.555556276E+00   0.142285675E-05   0.202718518E+03
   0.400000000E+00   0.316228000E-04   0.594523446E+00   0.271213505E-05   0.359863586E+03
   0.400000000E+00   0.562341000E-04   0.633632321E+00   0.515239598E-05   0.637238077E+03
   0.400000000E+00   0.100000000E-03   0.672925678E+00   0.977531180E-05   0.112146694E+04
   0.400000000E+00   0.177827900E-03   0.712708963E+00   0.185983963E-04   0.194418615E+04
   0.400000000E+00   0.316227800E-03   0.753693376E+00   0.357974039E-04   0.325925367E+04
   0.400000000E+00   0.562341300E-03   0.797420349E+00   0.707124561E-04   0.513182205E+04
   0.400000000E+00   0.100000000E-02   0.846473681E+00   0.145402578E-03   0.731435777E+04
   0.500000000E+00   0.100000000E-05   0.355220171E+00   0.406074188E-07   0.906450010E+01
   0.500000000E+00   0.177830000E-05   0.395315518E+00   0.800029247E-07   0.192031561E+02
   0.500000000E+00   0.316230000E-05   0.433242523E+00   0.155716949E-06   0.353602514E+02
   0.500000000E+00   0.562340000E-05   0.471131726E+00   0.301202315E-06   0.632684611E+02
   0.500000000E+00   0.100000000E-04   0.509282141E+00   0.579466291E-06   0.112602829E+03
   0.500000000E+00   0.177828000E-04   0.547630639E+00   0.110924469E-05   0.200160822E+03
   0.500000000E+00   0.316228000E-04   0.586081287E+00   0.211408817E-05   0.355485640E+03
   0.500000000E+00   0.562341000E-04   0.624654353E+00   0.401462142E-05   0.630198337E+03
   0.500000000E+00   0.100000000E-03   0.663359078E+00   0.760802218E-05   0.111223051E+04
   0.500000000E+00   0.177827900E-03   0.702411403E+00   0.144326730E-04   0.194145800E+04
   0.500000000E+00   0.316227800E-03   0.742319269E+00   0.275948791E-04   0.330318670E+04
   0.500000000E+00   0.562341300E-03   0.784271679E+00   0.538443151E-04   0.533879026E+04
   0.500000000E+00   0.100000000E-02   0.830451894E+00   0.108889770E-03   0.792476477E+04
   0.600000000E+00   0.100000000E-05   0.350826606E+00   0.330305339E-07   0.891357068E+01
   0.600000000E+00   0.177830000E-05   0.390595614E+00   0.651030304E-07   0.189766930E+02
   0.600000000E+00   0.316230000E-05   0.428134534E+00   0.126733370E-06   0.349821218E+02
   0.600000000E+00   0.562340000E-05   0.465622954E+00   0.245157627E-06   0.626061294E+02
   0.600000000E+00   0.100000000E-04   0.503369335E+00   0.471667564E-06   0.111433757E+03
   0.600000000E+00   0.177828000E-04   0.541311762E+00   0.902904637E-06   0.198107068E+03
   0.600000000E+00   0.316228000E-04   0.579352572E+00   0.172073739E-05   0.351936746E+03
   0.600000000E+00   0.562341000E-04   0.617504630E+00   0.326693059E-05   0.624335684E+03
   0.600000000E+00   0.100000000E-03   0.655757806E+00   0.618702759E-05   0.110378433E+04
   0.600000000E+00   0.177827900E-03   0.694274641E+00   0.117165452E-04   0.193491103E+04
   0.600000000E+00   0.316227800E-03   0.733434786E+00   0.223083048E-04   0.332381485E+04
   0.600000000E+00   0.562341300E-03   0.774179800E+00   0.431667586E-04   0.547064441E+04
   0.600000000E+00   0.100000000E-02   0.818365277E+00   0.862028178E-04   0.835737123E+04
   0.700000000E+00   0.100000000E-05   0.347198286E+00   0.275905252E-07   0.878852582E+01
   0.700000000E+00   0.177830000E-05   0.386699379E+00   0.544005999E-07   0.187892253E+02
   0.700000000E+00   0.316230000E-05   0.423918103E+00   0.105911835E-06   0.346695099E+02
   0.700000000E+00   0.562340000E-05   0.461075578E+00   0.204892825E-06   0.620585230E+02
   0.700000000E+00   0.100000000E-04   0.498488367E+00   0.394218245E-06   0.110466302E+03
   0.700000000E+00   0.177828000E-04   0.536095774E+00   0.754662272E-06   0.196403501E+03
   0.700000000E+00   0.316228000E-04   0.573799191E+00   0.143819109E-05   0.348975236E+03
   0.700000000E+00   0.562341000E-04   0.611606731E+00   0.273015509E-05   0.619362381E+03
   0.700000000E+00   0.100000000E-03   0.649496022E+00   0.516839631E-05   0.109623527E+04
   0.700000000E+00   0.177827900E-03   0.687595074E+00   0.977677422E-05   0.192711305E+04
   0.700000000E+00   0.316227800E-03   0.726197540E+00   0.185640622E-04   0.333234695E+04
   0.700000000E+00   0.562341300E-03   0.766066027E+00   0.357133485E-04   0.555763086E+04
   0.700000000E+00   0.100000000E-02   0.808790412E+00   0.706433764E-04   0.867618729E+04
   0.800000000E+00   0.100000000E-05   0.344144143E+00   0.232894665E-07   0.868298455E+01
   0.800000000E+00   0.177830000E-05   0.383420863E+00   0.459345579E-07   0.186310931E+02
   0.800000000E+00   0.316230000E-05   0.420370268E+00   0.894384898E-07   0.344061031E+02
   0.800000000E+00   0.562340000E-05   0.457249177E+00   0.173034144E-06   0.615970791E+02
   0.800000000E+00   0.100000000E-04   0.494381169E+00   0.332936309E-06   0.109650463E+03
   0.800000000E+00   0.177828000E-04   0.531706695E+00   0.637369506E-06   0.194964336E+03
   0.800000000E+00   0.316228000E-04   0.569126605E+00   0.121467235E-05   0.346462570E+03
   0.800000000E+00   0.562341000E-04   0.606645729E+00   0.230572452E-05   0.615095543E+03
   0.800000000E+00   0.100000000E-03   0.644233411E+00   0.436396786E-05   0.108954096E+04
   0.800000000E+00   0.177827900E-03   0.681993922E+00   0.824964688E-05   0.191913704E+04
   0.800000000E+00   0.316227800E-03   0.720160404E+00   0.156371465E-04   0.333431059E+04
   0.800000000E+00   0.562341300E-03   0.759362362E+00   0.299653436E-04   0.561634263E+04
   0.800000000E+00   0.100000000E-02   0.800973351E+00   0.588723835E-04   0.891772159E+04
   0.900000000E+00   0.100000000E-05   0.341587707E+00   0.189660278E-07   0.859442537E+01
   0.900000000E+00   0.177830000E-05   0.380677446E+00   0.374169475E-07   0.184984464E+02
   0.900000000E+00   0.316230000E-05   0.417401547E+00   0.728603427E-07   0.341853072E+02
   0.900000000E+00   0.562340000E-05   0.454047235E+00   0.140970004E-06   0.612101354E+02
   0.900000000E+00   0.100000000E-04   0.490944090E+00   0.271261100E-06   0.108965587E+03
   0.900000000E+00   0.177828000E-04   0.528033559E+00   0.519346064E-06   0.193753621E+03
   0.900000000E+00   0.316228000E-04   0.565216121E+00   0.989864014E-06   0.344339796E+03
   0.900000000E+00   0.562341000E-04   0.602494140E+00   0.187926633E-05   0.611457265E+03
   0.900000000E+00   0.100000000E-03   0.639830944E+00   0.355740522E-05   0.108369550E+04
   0.900000000E+00   0.177827900E-03   0.677313542E+00   0.672550913E-05   0.191155477E+04
   0.900000000E+00   0.316227800E-03   0.715130584E+00   0.127449436E-04   0.333275845E+04
   0.900000000E+00   0.562341300E-03   0.753809809E+00   0.243969065E-04   0.565665705E+04
   0.900000000E+00   0.100000000E-02   0.794547054E+00   0.478328196E-04   0.910460842E+04
   0.100000000E+01   0.100000000E-05   0.353331629E+00  -0.434172887E-02   0.157826601E+02
   0.100000000E+01   0.177830000E-05   0.388480720E+00  -0.427676242E-02   0.242748915E+02
   0.100000000E+01   0.316230000E-05   0.423873612E+00  -0.405145576E-02   0.392154782E+02
   0.100000000E+01   0.562340000E-05   0.459115249E+00  -0.378538662E-02   0.657287267E+02
   0.100000000E+01   0.100000000E-04   0.494921542E+00  -0.341136567E-02   0.112611342E+03
   0.100000000E+01   0.177828000E-04   0.531092537E+00  -0.290451086E-02   0.196146642E+03
   0.100000000E+01   0.316228000E-04   0.567412516E+00  -0.238517828E-02   0.345411998E+03
   0.100000000E+01   0.562341000E-04   0.603835211E+00  -0.196789888E-02   0.611255458E+03
   0.100000000E+01   0.100000000E-03   0.640332640E+00  -0.167389934E-02   0.108217648E+04
   0.100000000E+01   0.177827900E-03   0.677002231E+00  -0.145670376E-02   0.190944840E+04
   0.100000000E+01   0.316227800E-03   0.713995905E+00  -0.128423736E-02   0.333648035E+04
   0.100000000E+01   0.562341300E-03   0.751760222E+00  -0.113786853E-02   0.569530320E+04
   0.100000000E+01   0.100000000E-02   0.791344003E+00  -0.100388871E-02   0.926605562E+04
