 hih1=   3.200 Number of points =  130
   0.100000000E+00   0.100000000E-04   0.157119588E+00   0.123236128E-05   0.151034404E+00
   0.100000000E+00   0.177828000E-04   0.252681954E+00   0.364804379E-05   0.563208056E+00
   0.100000000E+00   0.316228000E-04   0.365500781E+00   0.951361307E-05   0.164675908E+01
   0.100000000E+00   0.562341000E-04   0.474365908E+00   0.223586979E-04   0.439240990E+01
   0.100000000E+00   0.100000000E-03   0.563379225E+00   0.490660168E-04   0.103788911E+02
   0.100000000E+00   0.177827900E-03   0.642570538E+00   0.104044004E-03   0.203771114E+02
   0.100000000E+00   0.316227800E-03   0.719936158E+00   0.219857462E-03   0.345666688E+02
   0.100000000E+00   0.562341300E-03   0.802869157E+00   0.474942388E-03   0.489747871E+02
   0.100000000E+00   0.100000000E-02   0.900764903E+00   0.107923024E-02   0.470610815E+02
   0.100000000E+00   0.177827940E-02   0.996658850E+00   0.216670417E-02   0.421885468E+01
   0.100000000E+00   0.316227770E-02   0.100032146E+01   0.218519597E-02   0.255698327E-03
   0.100000000E+00   0.562341330E-02   0.100031162E+01   0.217249011E-02   0.191795537E-03
   0.100000000E+00   0.100000000E-01   0.100029479E+01   0.214898122E-02   0.192135163E-03
   0.200000000E+00   0.100000000E-04   0.141484649E+00   0.542395703E-06   0.132736816E+00
   0.200000000E+00   0.177828000E-04   0.229364760E+00   0.161196156E-05   0.509485583E+00
   0.200000000E+00   0.316228000E-04   0.334907009E+00   0.421145907E-05   0.151475317E+01
   0.200000000E+00   0.562341000E-04   0.437994237E+00   0.985946393E-05   0.410309707E+01
   0.200000000E+00   0.100000000E-03   0.521885861E+00   0.213481987E-04   0.997701200E+01
   0.200000000E+00   0.177827900E-03   0.594908061E+00   0.443763850E-04   0.204354789E+02
   0.200000000E+00   0.316227800E-03   0.663782058E+00   0.911852926E-04   0.371961927E+02
   0.200000000E+00   0.562341300E-03   0.733655421E+00   0.188985533E-03   0.609481099E+02
   0.200000000E+00   0.100000000E-02   0.809560709E+00   0.403872422E-03   0.852682498E+02
   0.200000000E+00   0.177827940E-02   0.899883235E+00   0.903081352E-03   0.858733313E+02
   0.200000000E+00   0.316227770E-02   0.997575790E+00   0.193130024E-02   0.796313980E+01
   0.200000000E+00   0.562341330E-02   0.100061887E+01   0.192607848E-02   0.562324813E-03
   0.200000000E+00   0.100000000E-01   0.100061083E+01   0.191822849E-02   0.180493429E-03
   0.300000000E+00   0.100000000E-04   0.133234077E+00   0.332026597E-06   0.122817433E+00
   0.300000000E+00   0.177828000E-04   0.216985800E+00   0.991120016E-06   0.479473356E+00
   0.300000000E+00   0.316228000E-04   0.318639628E+00   0.260084152E-05   0.143873712E+01
   0.300000000E+00   0.562341000E-04   0.418802463E+00   0.610023532E-05   0.392239726E+01
   0.300000000E+00   0.100000000E-03   0.500339260E+00   0.131743655E-04   0.966560471E+01
   0.300000000E+00   0.177827900E-03   0.570649544E+00   0.272141384E-04   0.201400357E+02
   0.300000000E+00   0.316227800E-03   0.636024788E+00   0.553479190E-04   0.375797687E+02
   0.300000000E+00   0.562341300E-03   0.700953165E+00   0.112844198E-03   0.643659142E+02
   0.300000000E+00   0.100000000E-02   0.769070488E+00   0.234825854E-03   0.991054018E+02
   0.300000000E+00   0.177827940E-02   0.846638408E+00   0.507705048E-03   0.126282201E+03
   0.300000000E+00   0.316227770E-02   0.941377766E+00   0.113998014E-02   0.946662331E+02
   0.300000000E+00   0.562341330E-02   0.100065462E+01   0.179423356E-02   0.634853936E+00
   0.300000000E+00   0.100000000E-01   0.100072625E+01   0.179295986E-02   0.177035009E-03
   0.400000000E+00   0.100000000E-04   0.127768251E+00   0.235777997E-06   0.116232099E+00
   0.400000000E+00   0.177828000E-04   0.208744223E+00   0.705993062E-06   0.459189191E+00
   0.400000000E+00   0.316228000E-04   0.307777058E+00   0.185870167E-05   0.138659106E+01
   0.400000000E+00   0.562341000E-04   0.406010142E+00   0.436689858E-05   0.379466104E+01
   0.400000000E+00   0.100000000E-03   0.486071660E+00   0.941995526E-05   0.942942419E+01
   0.400000000E+00   0.177827900E-03   0.554728378E+00   0.193875879E-04   0.198457983E+02
   0.400000000E+00   0.316227800E-03   0.618046404E+00   0.391873090E-04   0.375250931E+02
   0.400000000E+00   0.562341300E-03   0.680195069E+00   0.791151252E-04   0.657195308E+02
   0.400000000E+00   0.100000000E-02   0.744180976E+00   0.162063800E-03   0.105753696E+03
   0.400000000E+00   0.177827940E-02   0.814941171E+00   0.341824750E-03   0.148375402E+03
   0.400000000E+00   0.316227770E-02   0.899083486E+00   0.755225577E-03   0.155967096E+03
   0.400000000E+00   0.562341330E-02   0.992624201E+00   0.164583638E-02   0.271393691E+02
   0.400000000E+00   0.100000000E-01   0.100077774E+01   0.170799971E-02   0.167926369E-02
   0.500000000E+00   0.100000000E-04   0.123741533E+00   0.179924576E-06   0.111391698E+00
   0.500000000E+00   0.177828000E-04   0.202648808E+00   0.540042710E-06   0.444091705E+00
   0.500000000E+00   0.316228000E-04   0.299720435E+00   0.142558314E-05   0.134742424E+01
   0.500000000E+00   0.562341000E-04   0.396524067E+00   0.335470126E-05   0.369718329E+01
   0.500000000E+00   0.100000000E-03   0.475528740E+00   0.723446133E-05   0.924240868E+01
   0.500000000E+00   0.177827900E-03   0.543023874E+00   0.148600963E-04   0.195861415E+02
   0.500000000E+00   0.316227800E-03   0.604933290E+00   0.299305690E-04   0.373485719E+02
   0.500000000E+00   0.562341300E-03   0.665239942E+00   0.600823627E-04   0.663065090E+02
   0.500000000E+00   0.100000000E-02   0.726592041E+00   0.121944974E-03   0.109472151E+03
   0.500000000E+00   0.177827940E-02   0.793131163E+00   0.253458541E-03   0.162244096E+03
   0.500000000E+00   0.316227770E-02   0.870454541E+00   0.549757068E-03   0.194757579E+03
   0.500000000E+00   0.562341330E-02   0.964663097E+00   0.126281489E-02   0.102536086E+03
   0.500000000E+00   0.100000000E-01   0.100080820E+01   0.164220327E-02   0.105334770E+00
   0.600000000E+00   0.100000000E-04   0.120588223E+00   0.143606084E-06   0.107611751E+00
   0.600000000E+00   0.177828000E-04   0.197860558E+00   0.431867251E-06   0.432186496E+00
   0.600000000E+00   0.316228000E-04   0.293376255E+00   0.114255146E-05   0.131633385E+01
   0.600000000E+00   0.562341000E-04   0.389052567E+00   0.269250600E-05   0.361900235E+01
   0.600000000E+00   0.100000000E-03   0.467243740E+00   0.580639261E-05   0.908872744E+01
   0.600000000E+00   0.177827900E-03   0.533857632E+00   0.119111305E-04   0.193593593E+02
   0.600000000E+00   0.316227800E-03   0.594717584E+00   0.239336739E-04   0.371365667E+02
   0.600000000E+00   0.562341300E-03   0.653684172E+00   0.478605473E-04   0.665443029E+02
   0.600000000E+00   0.100000000E-02   0.713172687E+00   0.965472294E-04   0.111745444E+03
   0.600000000E+00   0.177827940E-02   0.776822866E+00   0.198712591E-03   0.171536683E+03
   0.600000000E+00   0.316227770E-02   0.849377687E+00   0.424618570E-03   0.222153947E+03
   0.600000000E+00   0.562341330E-02   0.936692596E+00   0.954004381E-03   0.177567862E+03
   0.600000000E+00   0.100000000E-01   0.100058203E+01   0.158981739E-02   0.242181952E+01
   0.700000000E+00   0.100000000E-04   0.118023021E+00   0.117270395E-06   0.104542974E+00
   0.700000000E+00   0.177828000E-04   0.193955383E+00   0.353280388E-06   0.422442562E+00
   0.700000000E+00   0.316228000E-04   0.288191779E+00   0.936628864E-06   0.129074976E+01
   0.700000000E+00   0.562341000E-04   0.382945470E+00   0.221093853E-05   0.355415753E+01
   0.700000000E+00   0.100000000E-03   0.460483996E+00   0.477157556E-05   0.895888417E+01
   0.700000000E+00   0.177827900E-03   0.526399121E+00   0.978673853E-05   0.191594450E+02
   0.700000000E+00   0.316227800E-03   0.586438751E+00   0.196474351E-04   0.369161457E+02
   0.700000000E+00   0.562341300E-03   0.644377260E+00   0.392109865E-04   0.665953594E+02
   0.700000000E+00   0.100000000E-02   0.702465345E+00   0.787865771E-04   0.113191790E+03
   0.700000000E+00   0.177827940E-02   0.764000620E+00   0.161071091E-03   0.177991436E+03
   0.700000000E+00   0.316227770E-02   0.833038617E+00   0.340510605E-03   0.242626899E+03
   0.700000000E+00   0.562341330E-02   0.915026010E+00   0.758244939E-03   0.234555660E+03
   0.700000000E+00   0.100000000E-01   0.998104941E+00   0.152573405E-02   0.174753764E+02
   0.800000000E+00   0.100000000E-04   0.115897381E+00   0.984182085E-07   0.101995056E+00
   0.800000000E+00   0.177828000E-04   0.190713144E+00   0.296832899E-06   0.414291555E+00
   0.800000000E+00   0.316228000E-04   0.283882081E+00   0.787857865E-06   0.126923139E+01
   0.800000000E+00   0.562341000E-04   0.377871093E+00   0.186017449E-05   0.349919007E+01
   0.800000000E+00   0.100000000E-03   0.454879093E+00   0.400995186E-05   0.884691445E+01
   0.800000000E+00   0.177827900E-03   0.520230190E+00   0.820703877E-05   0.189806914E+02
   0.800000000E+00   0.316227800E-03   0.579612531E+00   0.164276321E-04   0.366960907E+02
   0.800000000E+00   0.562341300E-03   0.636734879E+00   0.326546566E-04   0.665355100E+02
   0.800000000E+00   0.100000000E-02   0.693722996E+00   0.652692828E-04   0.114118606E+03
   0.800000000E+00   0.177827940E-02   0.753626130E+00   0.132558680E-03   0.182603833E+03
   0.800000000E+00   0.316227770E-02   0.819978089E+00   0.277924614E-03   0.258455842E+03
   0.800000000E+00   0.562341330E-02   0.897757517E+00   0.614654550E-03   0.278049298E+03
   0.800000000E+00   0.100000000E-01   0.990157617E+00   0.140789273E-02   0.602864201E+02
   0.900000000E+00   0.100000000E-04   0.114171025E+00   0.764762003E-07   0.999000583E-01
   0.900000000E+00   0.177828000E-04   0.188076677E+00   0.230699580E-06   0.407531649E+00
   0.900000000E+00   0.316228000E-04   0.280377464E+00   0.611466354E-06   0.125126120E+01
   0.900000000E+00   0.562341000E-04   0.373752175E+00   0.143803157E-05   0.345285865E+01
   0.900000000E+00   0.100000000E-03   0.450342277E+00   0.308070923E-05   0.875100115E+01
   0.900000000E+00   0.177827900E-03   0.515246832E+00   0.626782727E-05   0.188230044E+02
   0.900000000E+00   0.316227800E-03   0.574105882E+00   0.124919040E-04   0.364884016E+02
   0.900000000E+00   0.562341300E-03   0.630576112E+00   0.247879780E-04   0.664241886E+02
   0.900000000E+00   0.100000000E-02   0.686684893E+00   0.496466063E-04   0.114742958E+03
   0.900000000E+00   0.177827940E-02   0.745288935E+00   0.101453110E-03   0.186104320E+03
   0.900000000E+00   0.316227770E-02   0.809521390E+00   0.214438556E-03   0.271119616E+03
   0.900000000E+00   0.562341330E-02   0.883892144E+00   0.479227104E-03   0.313043976E+03
   0.900000000E+00   0.100000000E-01   0.976195353E+00   0.114307978E-02   0.131239767E+03
   0.100000000E+01   0.100000000E-04   0.167975289E+00  -0.520229506E-02   0.911493596E+00
   0.100000000E+01   0.177828000E-04   0.228845383E+00  -0.704227474E-02   0.135920639E+01
   0.100000000E+01   0.316228000E-04   0.309163689E+00  -0.819482122E-02   0.211400628E+01
   0.100000000E+01   0.562341000E-04   0.393360573E+00  -0.841865253E-02   0.399430702E+01
   0.100000000E+01   0.100000000E-03   0.463284929E+00  -0.814081538E-02   0.925385427E+01
   0.100000000E+01   0.177827900E-03   0.523742331E+00  -0.734391612E-02   0.193175707E+02
   0.100000000E+01   0.316227800E-03   0.579343747E+00  -0.620085039E-02   0.370117670E+02
   0.100000000E+01   0.562341300E-03   0.633083834E+00  -0.503127319E-02   0.670655594E+02
   0.100000000E+01   0.100000000E-02   0.686723099E+00  -0.403293687E-02   0.115923686E+03
   0.100000000E+01   0.177827940E-02   0.742864376E+00  -0.321427245E-02   0.189340807E+03
   0.100000000E+01   0.316227770E-02   0.804247819E+00  -0.252671033E-02   0.281308473E+03
   0.100000000E+01   0.562341330E-02   0.874903947E+00  -0.187915088E-02   0.340979996E+03
   0.100000000E+01   0.100000000E-01   0.962263250E+00  -0.104770094E-02   0.206285614E+03
