 hih1=   2.000 Number of points =  130
   0.100000000E+00   0.316230000E-05   0.305054311E+00   0.655769550E-06   0.102918853E+01
   0.100000000E+00   0.562340000E-05   0.397244904E+00   0.153019096E-05   0.356435207E+01
   0.100000000E+00   0.100000000E-04   0.471215446E+00   0.324669589E-05   0.889911025E+01
   0.100000000E+00   0.177828000E-04   0.533682492E+00   0.658276678E-05   0.189364052E+02
   0.100000000E+00   0.316228000E-04   0.590244096E+00   0.130225090E-04   0.371236000E+02
   0.100000000E+00   0.562341000E-04   0.643798610E+00   0.254395544E-04   0.690824943E+02
   0.100000000E+00   0.100000000E-03   0.695957299E+00   0.495374595E-04   0.123101269E+03
   0.100000000E+00   0.177827900E-03   0.748495642E+00   0.971273343E-04   0.207803311E+03
   0.100000000E+00   0.316227800E-03   0.804007095E+00   0.194942919E-03   0.317913708E+03
   0.100000000E+00   0.562341300E-03   0.868526237E+00   0.417285593E-03   0.370624896E+03
   0.100000000E+00   0.100000000E-02   0.960494201E+00   0.103653832E-02   0.198328287E+03
   0.100000000E+00   0.177827940E-02   0.100011909E+01   0.143475007E-02   0.776157081E-01
   0.100000000E+00   0.316227770E-02   0.100011615E+01   0.142959057E-02   0.599947377E-01
   0.200000000E+00   0.316230000E-05   0.283323364E+00   0.293396061E-06   0.924937078E+00
   0.200000000E+00   0.562340000E-05   0.372545947E+00   0.692606582E-06   0.329358323E+01
   0.200000000E+00   0.100000000E-04   0.444130066E+00   0.147759311E-05   0.837363485E+01
   0.200000000E+00   0.177828000E-04   0.504239664E+00   0.300161178E-05   0.179856474E+02
   0.200000000E+00   0.316228000E-04   0.558389703E+00   0.593478381E-05   0.355535831E+02
   0.200000000E+00   0.562341000E-04   0.609347214E+00   0.115568774E-04   0.669060350E+02
   0.200000000E+00   0.100000000E-03   0.658494691E+00   0.223398246E-04   0.121652375E+03
   0.200000000E+00   0.177827900E-03   0.707090482E+00   0.431408924E-04   0.214124004E+03
   0.200000000E+00   0.316227800E-03   0.756472030E+00   0.839051523E-04   0.360180631E+03
   0.200000000E+00   0.562341300E-03   0.808632624E+00   0.166795986E-03   0.555111638E+03
   0.200000000E+00   0.100000000E-02   0.868444123E+00   0.351306775E-03   0.673336256E+03
   0.200000000E+00   0.177827940E-02   0.953302533E+00   0.862140141E-03   0.390504327E+03
   0.200000000E+00   0.316227770E-02   0.100034060E+01   0.129693563E-02   0.238449842E+00
   0.300000000E+00   0.316230000E-05   0.271517256E+00   0.185121118E-06   0.865875820E+00
   0.300000000E+00   0.562340000E-05   0.359121855E+00   0.436606571E-06   0.314447310E+01
   0.300000000E+00   0.100000000E-04   0.429405153E+00   0.930391551E-06   0.807969721E+01
   0.300000000E+00   0.177828000E-04   0.488242360E+00   0.188941326E-05   0.174424680E+02
   0.300000000E+00   0.316228000E-04   0.541113906E+00   0.373531570E-05   0.346102184E+02
   0.300000000E+00   0.562341000E-04   0.590742696E+00   0.727048591E-05   0.654034855E+02
   0.300000000E+00   0.100000000E-03   0.638445512E+00   0.140325929E-04   0.119707177E+03
   0.300000000E+00   0.177827900E-03   0.685338621E+00   0.269953939E-04   0.213370693E+03
   0.300000000E+00   0.316227800E-03   0.732448503E+00   0.520599569E-04   0.368524139E+03
   0.300000000E+00   0.562341300E-03   0.781007586E+00   0.101590797E-03   0.603341266E+03
   0.300000000E+00   0.100000000E-02   0.833405581E+00   0.204489823E-03   0.879120277E+03
   0.300000000E+00   0.177827940E-02   0.897491579E+00   0.448548890E-03   0.882097749E+03
   0.300000000E+00   0.316227770E-02   0.986890907E+00   0.109682164E-02   0.257063355E+03
   0.400000000E+00   0.316230000E-05   0.263522460E+00   0.132721249E-06   0.824434078E+00
   0.400000000E+00   0.562340000E-05   0.350034974E+00   0.314508311E-06   0.304251120E+01
   0.400000000E+00   0.100000000E-04   0.419434411E+00   0.671785904E-06   0.787716812E+01
   0.400000000E+00   0.177828000E-04   0.477409679E+00   0.136571489E-05   0.170651876E+02
   0.400000000E+00   0.316228000E-04   0.529420632E+00   0.270091132E-05   0.339428962E+02
   0.400000000E+00   0.562341000E-04   0.578167509E+00   0.525579552E-05   0.642927868E+02
   0.400000000E+00   0.100000000E-03   0.624936606E+00   0.101340105E-04   0.118069369E+03
   0.400000000E+00   0.177827900E-03   0.670778398E+00   0.194522649E-04   0.211732165E+03
   0.400000000E+00   0.316227800E-03   0.716582466E+00   0.373450329E-04   0.370199770E+03
   0.400000000E+00   0.562341300E-03   0.763269618E+00   0.722133689E-04   0.622477354E+03
   0.400000000E+00   0.100000000E-02   0.812410969E+00   0.142546696E-03   0.967188569E+03
   0.400000000E+00   0.177827940E-02   0.868198807E+00   0.295982643E-03   0.122076355E+04
   0.400000000E+00   0.316227770E-02   0.945974216E+00   0.713345117E-03   0.774025637E+03
   0.500000000E+00   0.316230000E-05   0.257533060E+00   0.102519277E-06   0.793662072E+00
   0.500000000E+00   0.562340000E-05   0.343210606E+00   0.243842901E-06   0.296620037E+01
   0.500000000E+00   0.100000000E-04   0.411943398E+00   0.521821882E-06   0.772462119E+01
   0.500000000E+00   0.177828000E-04   0.469271701E+00   0.106189670E-05   0.167795250E+02
   0.500000000E+00   0.316228000E-04   0.520639694E+00   0.210067829E-05   0.334326703E+02
   0.500000000E+00   0.562341000E-04   0.568733048E+00   0.408733913E-05   0.634251619E+02
   0.500000000E+00   0.100000000E-03   0.614820511E+00   0.787660042E-05   0.116717050E+03
   0.500000000E+00   0.177827900E-03   0.659914701E+00   0.150997262E-04   0.210057583E+03
   0.500000000E+00   0.316227800E-03   0.704829042E+00   0.289138506E-04   0.369861767E+03
   0.500000000E+00   0.562341300E-03   0.750318682E+00   0.556208738E-04   0.631233341E+03
   0.500000000E+00   0.100000000E-02   0.797543490E+00   0.108606677E-03   0.101501928E+04
   0.500000000E+00   0.177827940E-02   0.849365449E+00   0.219784461E-03   0.142418868E+04
   0.500000000E+00   0.316227770E-02   0.915455910E+00   0.494958021E-03   0.124458441E+04
   0.600000000E+00   0.316230000E-05   0.252779050E+00   0.827855607E-07   0.769415187E+00
   0.600000000E+00   0.562340000E-05   0.337782786E+00   0.197508149E-06   0.290568873E+01
   0.600000000E+00   0.100000000E-04   0.405983335E+00   0.423324446E-06   0.760306668E+01
   0.600000000E+00   0.177828000E-04   0.462796956E+00   0.862001674E-06   0.165510987E+02
   0.600000000E+00   0.316228000E-04   0.513654984E+00   0.170583813E-05   0.330221586E+02
   0.600000000E+00   0.562341000E-04   0.561232673E+00   0.331920607E-05   0.627180244E+02
   0.600000000E+00   0.100000000E-03   0.606787377E+00   0.639437987E-05   0.115579980E+03
   0.600000000E+00   0.177827900E-03   0.651307038E+00   0.122484470E-04   0.208504676E+03
   0.600000000E+00   0.316227800E-03   0.695556724E+00   0.234153162E-04   0.368802498E+03
   0.600000000E+00   0.562341300E-03   0.740189958E+00   0.448948469E-04   0.635400933E+03
   0.600000000E+00   0.100000000E-02   0.786124433E+00   0.870684383E-04   0.104357745E+04
   0.600000000E+00   0.177827940E-02   0.835554055E+00   0.173652089E-03   0.154401477E+04
   0.600000000E+00   0.316227770E-02   0.894722347E+00   0.373548053E-03   0.164913861E+04
   0.700000000E+00   0.316230000E-05   0.248868886E+00   0.687199257E-07   0.749595381E+00
   0.700000000E+00   0.562340000E-05   0.333310642E+00   0.164373457E-06   0.285596107E+01
   0.700000000E+00   0.100000000E-04   0.401071179E+00   0.352769923E-06   0.750277528E+01
   0.700000000E+00   0.177828000E-04   0.457460537E+00   0.718789413E-06   0.163621267E+02
   0.700000000E+00   0.316228000E-04   0.507899091E+00   0.142282793E-05   0.326810502E+02
   0.700000000E+00   0.562341000E-04   0.555054132E+00   0.276864162E-05   0.621252022E+02
   0.700000000E+00   0.100000000E-03   0.600175010E+00   0.533268176E-05   0.114607186E+03
   0.700000000E+00   0.177827900E-03   0.644232228E+00   0.102092870E-04   0.207098369E+03
   0.700000000E+00   0.316227800E-03   0.687957366E+00   0.194951476E-04   0.367482301E+03
   0.700000000E+00   0.562341300E-03   0.731935498E+00   0.372944140E-04   0.637261133E+03
   0.700000000E+00   0.100000000E-02   0.776926360E+00   0.719937371E-04   0.106170117E+04
   0.700000000E+00   0.177827940E-02   0.824707677E+00   0.142174379E-03   0.162556478E+04
   0.700000000E+00   0.316227770E-02   0.879666672E+00   0.297409329E-03   0.196168335E+04
   0.800000000E+00   0.316230000E-05   0.245583952E+00   0.578156365E-07   0.733026334E+00
   0.800000000E+00   0.562340000E-05   0.329549196E+00   0.138591745E-06   0.281397155E+01
   0.800000000E+00   0.100000000E-04   0.396948454E+00   0.297429402E-06   0.741813155E+01
   0.800000000E+00   0.177828000E-04   0.452981563E+00   0.605760198E-06   0.162023048E+02
   0.800000000E+00   0.316228000E-04   0.503068098E+00   0.119884157E-05   0.323916842E+02
   0.800000000E+00   0.562341000E-04   0.549869085E+00   0.233248719E-05   0.616190986E+02
   0.800000000E+00   0.100000000E-03   0.594628006E+00   0.449186921E-05   0.113764789E+03
   0.800000000E+00   0.177827900E-03   0.638302339E+00   0.859693255E-05   0.205834716E+03
   0.800000000E+00   0.316227800E-03   0.681599001E+00   0.164062811E-04   0.366096696E+03
   0.800000000E+00   0.562341300E-03   0.725053799E+00   0.313469912E-04   0.637877050E+03
   0.800000000E+00   0.100000000E-02   0.769315641E+00   0.603571743E-04   0.107368999E+04
   0.800000000E+00   0.177827940E-02   0.815878902E+00   0.118504860E-03   0.168381639E+04
   0.800000000E+00   0.316227770E-02   0.868080587E+00   0.243713885E-03   0.220323578E+04
   0.900000000E+00   0.316230000E-05   0.242847661E+00   0.465676272E-07   0.719274621E+00
   0.900000000E+00   0.562340000E-05   0.326412483E+00   0.111820707E-06   0.277892927E+01
   0.900000000E+00   0.100000000E-04   0.393511086E+00   0.240140487E-06   0.734726450E+01
   0.900000000E+00   0.177828000E-04   0.449247366E+00   0.489185097E-06   0.160680530E+02
   0.900000000E+00   0.316228000E-04   0.499040868E+00   0.968147650E-06   0.321474417E+02
   0.900000000E+00   0.562341000E-04   0.545547482E+00   0.188354026E-05   0.611885993E+02
   0.900000000E+00   0.100000000E-03   0.590005964E+00   0.362715016E-05   0.113038388E+03
   0.900000000E+00   0.177827900E-03   0.633363280E+00   0.694297843E-05   0.204713343E+03
   0.900000000E+00   0.316227800E-03   0.676306790E+00   0.132535663E-04   0.364746769E+03
   0.900000000E+00   0.562341300E-03   0.719334344E+00   0.253378721E-04   0.637809814E+03
   0.900000000E+00   0.100000000E-02   0.763012414E+00   0.488202524E-04   0.108188170E+04
   0.900000000E+00   0.177827940E-02   0.808632389E+00   0.958364129E-04   0.172690403E+04
   0.900000000E+00   0.316227770E-02   0.858897845E+00   0.196179212E-03   0.238592181E+04
   0.100000000E+01   0.316230000E-05   0.283853715E+00  -0.287716997E-02   0.164691094E+01
   0.100000000E+01   0.562340000E-05   0.348131330E+00  -0.347257928E-02   0.408095205E+01
   0.100000000E+01   0.100000000E-04   0.405889593E+00  -0.381080503E-02   0.873614538E+01
   0.100000000E+01   0.177828000E-04   0.457311088E+00  -0.394184569E-02   0.173194943E+02
   0.100000000E+01   0.316228000E-04   0.504452779E+00  -0.393393267E-02   0.330299312E+02
   0.100000000E+01   0.562341000E-04   0.549164560E+00  -0.376178299E-02   0.621557864E+02
   0.100000000E+01   0.100000000E-03   0.592278590E+00  -0.337262864E-02   0.113992666E+03
   0.100000000E+01   0.177827900E-03   0.634402877E+00  -0.284798454E-02   0.205549266E+03
   0.100000000E+01   0.316227800E-03   0.676171556E+00  -0.233559421E-02   0.365708443E+03
   0.100000000E+01   0.562341300E-03   0.718052031E+00  -0.191959302E-02   0.640164036E+03
   0.100000000E+01   0.100000000E-02   0.760566345E+00  -0.159630437E-02   0.109096428E+04
   0.100000000E+01   0.177827940E-02   0.804838634E+00  -0.132810809E-02   0.176294891E+04
   0.100000000E+01   0.316227770E-02   0.853136878E+00  -0.107209532E-02   0.251942118E+04
