 hih1=   3.200 Number of points =  130
   0.100000000E+00   0.100000000E-04   0.149283358E+00   0.127199400E-05   0.721132367E-01
   0.100000000E+00   0.177828000E-04   0.257373935E+00   0.323317741E-05   0.218426254E+00
   0.100000000E+00   0.316228000E-04   0.380924666E+00   0.909445284E-05   0.134169114E+01
   0.100000000E+00   0.562341000E-04   0.494084420E+00   0.205174655E-04   0.425331786E+01
   0.100000000E+00   0.100000000E-03   0.581695816E+00   0.432540472E-04   0.101815110E+02
   0.100000000E+00   0.177827900E-03   0.656518947E+00   0.894313951E-04   0.205570298E+02
   0.100000000E+00   0.316227800E-03   0.728025188E+00   0.184440757E-03   0.363356997E+02
   0.100000000E+00   0.562341300E-03   0.802553372E+00   0.392862237E-03   0.527047335E+02
   0.100000000E+00   0.100000000E-02   0.896408625E+00   0.942201601E-03   0.453856437E+02
   0.100000000E+00   0.177827940E-02   0.996871196E+00   0.202379614E-02   0.776821504E+01
   0.100000000E+00   0.316227770E-02   0.100037028E+01   0.203846836E-02   0.713859634E-02
   0.100000000E+00   0.562341330E-02   0.100036154E+01   0.202837754E-02   0.618526471E-02
   0.100000000E+00   0.100000000E-01   0.100034633E+01   0.200974698E-02   0.618490531E-02
   0.200000000E+00   0.100000000E-04   0.135951995E+00   0.553611012E-06   0.581748190E-01
   0.200000000E+00   0.177828000E-04   0.235731325E+00   0.143198327E-05   0.176373454E+00
   0.200000000E+00   0.316228000E-04   0.352784056E+00   0.413063114E-05   0.120849020E+01
   0.200000000E+00   0.562341000E-04   0.461436751E+00   0.942074596E-05   0.394645687E+01
   0.200000000E+00   0.100000000E-03   0.545199716E+00   0.198278103E-04   0.969935223E+01
   0.200000000E+00   0.177827900E-03   0.615575545E+00   0.405461043E-04   0.202510899E+02
   0.200000000E+00   0.316227800E-03   0.680936295E+00   0.816085452E-04   0.381676504E+02
   0.200000000E+00   0.562341300E-03   0.744965122E+00   0.165086720E-03   0.649776523E+02
   0.200000000E+00   0.100000000E-02   0.812860732E+00   0.346249628E-03   0.927645658E+02
   0.200000000E+00   0.177827940E-02   0.899563906E+00   0.814007123E-03   0.801876959E+02
   0.200000000E+00   0.316227770E-02   0.997022908E+00   0.179716255E-02   0.130225729E+02
   0.200000000E+00   0.562341330E-02   0.100061443E+01   0.181247880E-02   0.697992721E-02
   0.200000000E+00   0.100000000E-01   0.100060730E+01   0.180595212E-02   0.603781832E-02
   0.300000000E+00   0.100000000E-04   0.128815962E+00   0.341347951E-06   0.514196183E-01
   0.300000000E+00   0.177828000E-04   0.223986754E+00   0.889176017E-06   0.155966541E+00
   0.300000000E+00   0.316228000E-04   0.337349203E+00   0.259966974E-05   0.113689456E+01
   0.300000000E+00   0.562341000E-04   0.443537362E+00   0.597204842E-05   0.377076054E+01
   0.300000000E+00   0.100000000E-03   0.525354600E+00   0.125786835E-04   0.938729304E+01
   0.300000000E+00   0.177827900E-03   0.593660171E+00   0.256451356E-04   0.198436383E+02
   0.300000000E+00   0.316227800E-03   0.656493792E+00   0.512388939E-04   0.381602352E+02
   0.300000000E+00   0.562341300E-03   0.716909772E+00   0.102094411E-03   0.677661562E+02
   0.300000000E+00   0.100000000E-02   0.778347614E+00   0.207146730E-03   0.107931591E+03
   0.300000000E+00   0.177827940E-02   0.847895278E+00   0.443585171E-03   0.133762711E+03
   0.300000000E+00   0.316227770E-02   0.944410796E+00   0.109820609E-02   0.815461407E+02
   0.300000000E+00   0.562341330E-02   0.100064647E+01   0.170087819E-02   0.132736340E+01
   0.300000000E+00   0.100000000E-01   0.100070727E+01   0.169739472E-02   0.592821861E-02
   0.400000000E+00   0.100000000E-04   0.124028733E+00   0.241814704E-06   0.471625738E-01
   0.400000000E+00   0.177828000E-04   0.216048377E+00   0.632386211E-06   0.143097443E+00
   0.400000000E+00   0.316228000E-04   0.326843184E+00   0.186610590E-05   0.108886974E+01
   0.400000000E+00   0.562341000E-04   0.431340427E+00   0.431066784E-05   0.364950437E+01
   0.400000000E+00   0.100000000E-03   0.511872797E+00   0.909044563E-05   0.916240684E+01
   0.400000000E+00   0.177827900E-03   0.578860382E+00   0.185152051E-04   0.195031634E+02
   0.400000000E+00   0.316227800E-03   0.640175795E+00   0.368695847E-04   0.378841506E+02
   0.400000000E+00   0.562341300E-03   0.698603583E+00   0.729195909E-04   0.686091911E+02
   0.400000000E+00   0.100000000E-02   0.756906504E+00   0.145589058E-03   0.114327798E+03
   0.400000000E+00   0.177827940E-02   0.819774904E+00   0.300489662E-03   0.163944971E+03
   0.400000000E+00   0.316227770E-02   0.899345091E+00   0.692324042E-03   0.145709182E+03
   0.400000000E+00   0.562341330E-02   0.995232521E+00   0.158755632E-02   0.264735618E+02
   0.400000000E+00   0.100000000E-01   0.100075344E+01   0.162334503E-02   0.693146956E-02
   0.500000000E+00   0.100000000E-04   0.120473331E+00   0.185365185E-06   0.441415676E-01
   0.500000000E+00   0.177828000E-04   0.210122886E+00   0.485789906E-06   0.133960655E+00
   0.500000000E+00   0.316228000E-04   0.318960673E+00   0.144283235E-05   0.105321139E+01
   0.500000000E+00   0.562341000E-04   0.422178595E+00   0.334677581E-05   0.355785579E+01
   0.500000000E+00   0.100000000E-03   0.501762054E+00   0.706425509E-05   0.898853238E+01
   0.500000000E+00   0.177827900E-03   0.567795534E+00   0.143795083E-04   0.192221493E+02
   0.500000000E+00   0.316227800E-03   0.628048077E+00   0.285767408E-04   0.375678244E+02
   0.500000000E+00   0.562341300E-03   0.685156633E+00   0.562849105E-04   0.688108152E+02
   0.500000000E+00   0.100000000E-02   0.741528879E+00   0.111434429E-03   0.117564132E+03
   0.500000000E+00   0.177827940E-02   0.800884163E+00   0.225874639E-03   0.179444228E+03
   0.500000000E+00   0.316227770E-02   0.870658276E+00   0.492025591E-03   0.199137512E+03
   0.500000000E+00   0.562341330E-02   0.969214676E+00   0.124004087E-02   0.930876873E+02
   0.500000000E+00   0.100000000E-01   0.100078621E+01   0.156652363E-02   0.119555158E+00
   0.600000000E+00   0.100000000E-04   0.117671283E+00   0.148695705E-06   0.418438157E-01
   0.600000000E+00   0.177828000E-04   0.205435571E+00   0.390210425E-06   0.127008902E+00
   0.600000000E+00   0.316228000E-04   0.312699772E+00   0.116490740E-05   0.102511774E+01
   0.600000000E+00   0.562341000E-04   0.414893034E+00   0.271161043E-05   0.348475834E+01
   0.600000000E+00   0.100000000E-03   0.493729218E+00   0.572914770E-05   0.884773919E+01
   0.600000000E+00   0.177827900E-03   0.559021650E+00   0.116596254E-04   0.189858483E+02
   0.600000000E+00   0.316227800E-03   0.618466628E+00   0.231432034E-04   0.372615486E+02
   0.600000000E+00   0.562341300E-03   0.674608594E+00   0.454579370E-04   0.687553602E+02
   0.600000000E+00   0.100000000E-02   0.729640787E+00   0.894863102E-04   0.119336894E+03
   0.600000000E+00   0.177827940E-02   0.786730140E+00   0.179252575E-03   0.189020367E+03
   0.600000000E+00   0.316227770E-02   0.850933388E+00   0.378008173E-03   0.238902474E+03
   0.600000000E+00   0.562341330E-02   0.939942591E+00   0.922841172E-03   0.152589613E+03
   0.600000000E+00   0.100000000E-01   0.100072350E+01   0.152025195E-02   0.265801258E+01
   0.700000000E+00   0.100000000E-04   0.115386626E+00   0.122255237E-06   0.400232859E-01
   0.700000000E+00   0.177828000E-04   0.201602573E+00   0.321034838E-06   0.121499476E+00
   0.700000000E+00   0.316228000E-04   0.307562844E+00   0.962168115E-06   0.100220202E+01
   0.700000000E+00   0.562341000E-04   0.408909138E+00   0.224619742E-05   0.342456722E+01
   0.700000000E+00   0.100000000E-03   0.487135307E+00   0.474981304E-05   0.873054406E+01
   0.700000000E+00   0.177827900E-03   0.551828376E+00   0.966611924E-05   0.187842815E+02
   0.700000000E+00   0.316227800E-03   0.610629857E+00   0.191725922E-04   0.369789943E+02
   0.700000000E+00   0.562341300E-03   0.666021047E+00   0.375964442E-04   0.685892355E+02
   0.700000000E+00   0.100000000E-02   0.720052656E+00   0.737518484E-04   0.120343639E+03
   0.700000000E+00   0.177827940E-02   0.775535711E+00   0.146653923E-03   0.195379036E+03
   0.700000000E+00   0.316227770E-02   0.836267747E+00   0.303642981E-03   0.267844811E+03
   0.700000000E+00   0.562341330E-02   0.916116670E+00   0.715410925E-03   0.212530241E+03
   0.700000000E+00   0.100000000E-01   0.999269471E+00   0.146768571E-02   0.173435092E+02
   0.800000000E+00   0.100000000E-04   0.113492507E+00   0.100915473E-06   0.385480396E-01
   0.800000000E+00   0.177828000E-04   0.198417133E+00   0.264989468E-06   0.117033988E+00
   0.800000000E+00   0.316228000E-04   0.303282091E+00   0.796439954E-06   0.983160698E+00
   0.800000000E+00   0.562341000E-04   0.403918553E+00   0.186379225E-05   0.337414436E+01
   0.800000000E+00   0.100000000E-03   0.481638337E+00   0.394414366E-05   0.863147907E+01
   0.800000000E+00   0.177827900E-03   0.545836740E+00   0.802748532E-05   0.186107076E+02
   0.800000000E+00   0.316227800E-03   0.604112030E+00   0.159187254E-04   0.367228513E+02
   0.800000000E+00   0.562341300E-03   0.658899294E+00   0.311936324E-04   0.683763185E+02
   0.800000000E+00   0.100000000E-02   0.712147533E+00   0.610848008E-04   0.120916971E+03
   0.800000000E+00   0.177827940E-02   0.766421391E+00   0.120978468E-03   0.199787614E+03
   0.800000000E+00   0.316227770E-02   0.824785979E+00   0.248131159E-03   0.288413718E+03
   0.800000000E+00   0.562341330E-02   0.897783899E+00   0.564758542E-03   0.268356623E+03
   0.800000000E+00   0.100000000E-01   0.992951932E+00   0.136706925E-02   0.552142533E+02
   0.900000000E+00   0.100000000E-04   0.111959822E+00   0.771072443E-07   0.373695287E-01
   0.900000000E+00   0.177828000E-04   0.195833569E+00   0.202108504E-06   0.113466019E+00
   0.900000000E+00   0.316228000E-04   0.299803416E+00   0.607542285E-06   0.967560837E+00
   0.900000000E+00   0.562341000E-04   0.399862845E+00   0.142360019E-05   0.333242536E+01
   0.900000000E+00   0.100000000E-03   0.477173044E+00   0.301276852E-05   0.854861115E+01
   0.900000000E+00   0.177827900E-03   0.540970312E+00   0.613274412E-05   0.184626932E+02
   0.900000000E+00   0.316227800E-03   0.598817757E+00   0.121736696E-04   0.364956601E+02
   0.900000000E+00   0.562341300E-03   0.653113635E+00   0.239081654E-04   0.681517839E+02
   0.900000000E+00   0.100000000E-02   0.705729160E+00   0.469887189E-04   0.121237945E+03
   0.900000000E+00   0.177827940E-02   0.759047758E+00   0.934738017E-04   0.202955593E+03
   0.900000000E+00   0.316227770E-02   0.815663401E+00   0.192273103E-03   0.302659227E+03
   0.900000000E+00   0.562341330E-02   0.883664505E+00   0.434413969E-03   0.317414741E+03
   0.900000000E+00   0.100000000E-01   0.979974344E+00   0.113770524E-02   0.113350101E+03
   0.100000000E+01   0.100000000E-04   0.157101507E+00  -0.407052588E-02   0.135516840E+00
   0.100000000E+01   0.177828000E-04   0.234223825E+00  -0.521073622E-02   0.332688929E+00
   0.100000000E+01   0.316228000E-04   0.328315948E+00  -0.642877327E-02   0.132749870E+01
   0.100000000E+01   0.562341000E-04   0.418728686E+00  -0.718904302E-02   0.374559318E+01
   0.100000000E+01   0.100000000E-03   0.489666191E+00  -0.714433419E-02   0.890404533E+01
   0.100000000E+01   0.177827900E-03   0.549152760E+00  -0.662273919E-02   0.189020844E+02
   0.100000000E+01   0.316227800E-03   0.603797042E+00  -0.576770422E-02   0.369875814E+02
   0.100000000E+01   0.562341300E-03   0.655424837E+00  -0.477308481E-02   0.687570648E+02
   0.100000000E+01   0.100000000E-02   0.705762493E+00  -0.385518873E-02   0.122350243E+03
   0.100000000E+01   0.177827940E-02   0.756952344E+00  -0.306018589E-02   0.206235179E+03
   0.100000000E+01   0.316227770E-02   0.811145173E+00  -0.239034762E-02   0.314263431E+03
   0.100000000E+01   0.562341330E-02   0.874756864E+00  -0.176318611E-02   0.358234671E+03
   0.100000000E+01   0.100000000E-01   0.966145738E+00  -0.921414306E-03   0.181446080E+03
