 hih1=   4.923 Number of points =  130
   0.100000000E+00   0.100000000E-04   0.142571811E+00   0.161596161E-05   0.200947140E+00
   0.100000000E+00   0.177828000E-04   0.231343879E+00   0.383035182E-05   0.583318658E+00
   0.100000000E+00   0.316228000E-04   0.340307103E+00   0.970038584E-05   0.155691314E+01
   0.100000000E+00   0.562341000E-04   0.453524966E+00   0.227117898E-04   0.392789742E+01
   0.100000000E+00   0.100000000E-03   0.554494614E+00   0.493183699E-04   0.902053772E+01
   0.100000000E+00   0.177827900E-03   0.639965377E+00   0.104671495E-03   0.181221160E+02
   0.100000000E+00   0.316227800E-03   0.721879075E+00   0.221291092E-03   0.316353536E+02
   0.100000000E+00   0.562341300E-03   0.807357310E+00   0.476157043E-03   0.459737782E+02
   0.100000000E+00   0.100000000E-02   0.906973769E+00   0.109493643E-02   0.412616593E+02
   0.100000000E+00   0.177827940E-02   0.995700424E+00   0.206532628E-02   0.446382570E+01
   0.100000000E+00   0.316227770E-02   0.100035053E+01   0.209060659E-02   0.133057184E-02
   0.100000000E+00   0.562341330E-02   0.100034031E+01   0.207902798E-02   0.114621542E-03
   0.100000000E+00   0.100000000E-01   0.100032279E+01   0.205767152E-02   0.114588625E-03
   0.200000000E+00   0.100000000E-04   0.128262709E+00   0.686678190E-06   0.180233642E+00
   0.200000000E+00   0.177828000E-04   0.209748923E+00   0.163025365E-05   0.526170767E+00
   0.200000000E+00   0.316228000E-04   0.311059385E+00   0.416512815E-05   0.143177601E+01
   0.200000000E+00   0.562341000E-04   0.417678009E+00   0.978431884E-05   0.366468980E+01
   0.200000000E+00   0.100000000E-03   0.512764215E+00   0.211528248E-04   0.861988688E+01
   0.200000000E+00   0.177827900E-03   0.591836170E+00   0.442902770E-04   0.179962065E+02
   0.200000000E+00   0.316227800E-03   0.665314669E+00   0.915024090E-04   0.336393089E+02
   0.200000000E+00   0.562341300E-03   0.738218778E+00   0.189739710E-03   0.563970887E+02
   0.200000000E+00   0.100000000E-02   0.815130944E+00   0.404653590E-03   0.798337862E+02
   0.200000000E+00   0.177827940E-02   0.906505537E+00   0.898926936E-03   0.763024381E+02
   0.200000000E+00   0.316227770E-02   0.997395339E+00   0.184233182E-02   0.732440245E+01
   0.200000000E+00   0.562341330E-02   0.100061536E+01   0.183097683E-02   0.680061404E-02
   0.200000000E+00   0.100000000E-01   0.100060793E+01   0.182420419E-02   0.107316051E-03
   0.300000000E+00   0.100000000E-04   0.120859885E+00   0.421276002E-06   0.169082471E+00
   0.300000000E+00   0.177828000E-04   0.198497782E+00   0.100206116E-05   0.495111585E+00
   0.300000000E+00   0.316228000E-04   0.295773719E+00   0.257571213E-05   0.136227887E+01
   0.300000000E+00   0.562341000E-04   0.398984534E+00   0.607042662E-05   0.351030275E+01
   0.300000000E+00   0.100000000E-03   0.491208126E+00   0.131147385E-04   0.834546918E+01
   0.300000000E+00   0.177827900E-03   0.567377402E+00   0.273128408E-04   0.176845448E+02
   0.300000000E+00   0.316227800E-03   0.637306356E+00   0.558786860E-04   0.338482158E+02
   0.300000000E+00   0.562341300E-03   0.705338885E+00   0.114033868E-03   0.592701834E+02
   0.300000000E+00   0.100000000E-02   0.774752932E+00   0.236896077E-03   0.925225215E+02
   0.300000000E+00   0.177827940E-02   0.852831466E+00   0.507954778E-03   0.117944289E+03
   0.300000000E+00   0.316227770E-02   0.948956919E+00   0.117472117E-02   0.782407302E+02
   0.300000000E+00   0.562341330E-02   0.100042369E+01   0.170758580E-02   0.147687131E+01
   0.300000000E+00   0.100000000E-01   0.100071110E+01   0.170205215E-02   0.166715970E-03
   0.400000000E+00   0.100000000E-04   0.115980000E+00   0.300909992E-06   0.161617297E+00
   0.400000000E+00   0.177828000E-04   0.191044381E+00   0.714370322E-06   0.474206967E+00
   0.400000000E+00   0.316228000E-04   0.285620445E+00   0.183653635E-05   0.131489668E+01
   0.400000000E+00   0.562341000E-04   0.386568299E+00   0.433081870E-05   0.340285510E+01
   0.400000000E+00   0.100000000E-03   0.476944212E+00   0.934313665E-05   0.814428066E+01
   0.400000000E+00   0.177827900E-03   0.551306751E+00   0.193965176E-04   0.174058717E+02
   0.400000000E+00   0.316227800E-03   0.619119784E+00   0.394905366E-04   0.337325967E+02
   0.400000000E+00   0.562341300E-03   0.684389599E+00   0.799430510E-04   0.603670013E+02
   0.400000000E+00   0.100000000E-02   0.749798121E+00   0.163816168E-03   0.985188794E+02
   0.400000000E+00   0.177827940E-02   0.821266775E+00   0.344243801E-03   0.139356343E+03
   0.400000000E+00   0.316227770E-02   0.905839260E+00   0.754984564E-03   0.140458314E+03
   0.400000000E+00   0.562341330E-02   0.992769737E+00   0.156794387E-02   0.233087242E+02
   0.400000000E+00   0.100000000E-01   0.100075657E+01   0.161887697E-02   0.489755807E-02
   0.500000000E+00   0.100000000E-04   0.112375144E+00   0.225014753E-06   0.156011046E+00
   0.500000000E+00   0.177828000E-04   0.185521112E+00   0.534800293E-06   0.458448536E+00
   0.500000000E+00   0.316228000E-04   0.278100655E+00   0.137992905E-05   0.127817404E+01
   0.500000000E+00   0.562341000E-04   0.377397575E+00   0.326242892E-05   0.331975091E+01
   0.500000000E+00   0.100000000E-03   0.466436787E+00   0.704373883E-05   0.798547346E+01
   0.500000000E+00   0.177827900E-03   0.539510274E+00   0.146117048E-04   0.171679108E+02
   0.500000000E+00   0.316227800E-03   0.605850862E+00   0.296999830E-04   0.335389072E+02
   0.500000000E+00   0.562341300E-03   0.669265075E+00   0.599487231E-04   0.608284691E+02
   0.500000000E+00   0.100000000E-02   0.732097479E+00   0.122171316E-03   0.101881100E+03
   0.500000000E+00   0.177827940E-02   0.799508294E+00   0.254093091E-03   0.152580359E+03
   0.500000000E+00   0.316227770E-02   0.876997723E+00   0.548902590E-03   0.180654386E+03
   0.500000000E+00   0.562341330E-02   0.970630660E+00   0.128612724E-02   0.793894773E+02
   0.500000000E+00   0.100000000E-01   0.100078216E+01   0.156132688E-02   0.118949861E+00
   0.600000000E+00   0.100000000E-04   0.109531142E+00   0.179665652E-06   0.151545875E+00
   0.600000000E+00   0.177828000E-04   0.181151663E+00   0.428154531E-06   0.445861417E+00
   0.600000000E+00   0.316228000E-04   0.272142445E+00   0.111003727E-05   0.124865931E+01
   0.600000000E+00   0.562341000E-04   0.370131071E+00   0.263346697E-05   0.325224759E+01
   0.600000000E+00   0.100000000E-03   0.458129426E+00   0.569725905E-05   0.785320186E+01
   0.600000000E+00   0.177827900E-03   0.530220516E+00   0.118255604E-04   0.169554154E+02
   0.600000000E+00   0.316227800E-03   0.595465557E+00   0.240190609E-04   0.333018061E+02
   0.600000000E+00   0.562341300E-03   0.657533649E+00   0.483327947E-04   0.609324900E+02
   0.600000000E+00   0.100000000E-02   0.718538624E+00   0.977733543E-04   0.103790964E+03
   0.600000000E+00   0.177827940E-02   0.783166811E+00   0.200588908E-03   0.160923539E+03
   0.600000000E+00   0.316227770E-02   0.855947761E+00   0.426794597E-03   0.207833078E+03
   0.600000000E+00   0.562341330E-02   0.944468089E+00   0.981017158E-03   0.146413791E+03
   0.600000000E+00   0.100000000E-01   0.100069368E+01   0.149561767E-02   0.138211693E+01
   0.700000000E+00   0.100000000E-04   0.107258447E+00   0.150056209E-06   0.147969519E+00
   0.700000000E+00   0.177828000E-04   0.177650649E+00   0.357126680E-06   0.435757101E+00
   0.700000000E+00   0.316228000E-04   0.267358689E+00   0.926513955E-06   0.122487905E+01
   0.700000000E+00   0.562341000E-04   0.364289870E+00   0.219867028E-05   0.319755807E+01
   0.700000000E+00   0.100000000E-03   0.451452976E+00   0.475138222E-05   0.774496898E+01
   0.700000000E+00   0.177827900E-03   0.522761224E+00   0.983476641E-05   0.167783477E+02
   0.700000000E+00   0.316227800E-03   0.587138843E+00   0.198929974E-04   0.330911274E+02
   0.700000000E+00   0.562341300E-03   0.648153436E+00   0.398096536E-04   0.609514748E+02
   0.700000000E+00   0.100000000E-02   0.707757273E+00   0.800081835E-04   0.105112498E+03
   0.700000000E+00   0.177827940E-02   0.770304397E+00   0.163093439E-03   0.166968019E+03
   0.700000000E+00   0.316227770E-02   0.839634594E+00   0.342968821E-03   0.227986040E+03
   0.700000000E+00   0.562341330E-02   0.921813863E+00   0.758813041E-03   0.206774528E+03
   0.700000000E+00   0.100000000E-01   0.999637248E+00   0.147177604E-02   0.930975949E+01
   0.800000000E+00   0.100000000E-04   0.105343441E+00   0.122030816E-06   0.144934648E+00
   0.800000000E+00   0.177828000E-04   0.174694831E+00   0.290892421E-06   0.427166362E+00
   0.800000000E+00   0.316228000E-04   0.263314967E+00   0.757167073E-06   0.120457404E+01
   0.800000000E+00   0.562341000E-04   0.359351112E+00   0.180152456E-05   0.315056711E+01
   0.800000000E+00   0.100000000E-03   0.445815075E+00   0.390061513E-05   0.765062148E+01
   0.800000000E+00   0.177827900E-03   0.516477963E+00   0.808563178E-05   0.166182744E+02
   0.800000000E+00   0.316227800E-03   0.580155256E+00   0.163801003E-04   0.328755037E+02
   0.800000000E+00   0.562341300E-03   0.640341795E+00   0.328244331E-04   0.608442379E+02
   0.800000000E+00   0.100000000E-02   0.698869610E+00   0.659620854E-04   0.105869263E+03
   0.800000000E+00   0.177827940E-02   0.759845803E+00   0.133981585E-03   0.171125388E+03
   0.800000000E+00   0.316227770E-02   0.826604572E+00   0.279514553E-03   0.243387925E+03
   0.800000000E+00   0.562341330E-02   0.904317834E+00   0.611105953E-03   0.251191012E+03
   0.800000000E+00   0.100000000E-01   0.994887414E+00   0.140602663E-02   0.364421887E+02
   0.900000000E+00   0.100000000E-04   0.103818605E+00   0.965549317E-07   0.142469982E+00
   0.900000000E+00   0.177828000E-04   0.172338156E+00   0.228303339E-06   0.420177666E+00
   0.900000000E+00   0.316228000E-04   0.260090266E+00   0.590852256E-06   0.118793806E+01
   0.900000000E+00   0.562341000E-04   0.355416162E+00   0.139970577E-05   0.311176315E+01
   0.900000000E+00   0.100000000E-03   0.441329890E+00   0.301521693E-05   0.757156486E+01
   0.900000000E+00   0.177827900E-03   0.511483132E+00   0.621379117E-05   0.164813005E+02
   0.900000000E+00   0.316227800E-03   0.574599805E+00   0.125225031E-04   0.326850669E+02
   0.900000000E+00   0.562341300E-03   0.634111188E+00   0.250088428E-04   0.607320128E+02
   0.900000000E+00   0.100000000E-02   0.691751315E+00   0.502859550E-04   0.106449510E+03
   0.900000000E+00   0.177827940E-02   0.751438680E+00   0.102801024E-03   0.174430950E+03
   0.900000000E+00   0.316227770E-02   0.816125392E+00   0.216784168E-03   0.255600543E+03
   0.900000000E+00   0.562341330E-02   0.890315156E+00   0.484211090E-03   0.287614076E+03
   0.900000000E+00   0.100000000E-01   0.984253929E+00   0.119133975E-02   0.897252330E+02
   0.100000000E+01   0.100000000E-04   0.168970092E+00  -0.351841192E-02   0.156929614E+01
   0.100000000E+01   0.177828000E-04   0.220616785E+00  -0.512747011E-02   0.190404939E+01
   0.100000000E+01   0.316228000E-04   0.291885021E+00  -0.654596113E-02   0.261069329E+01
   0.100000000E+01   0.562341000E-04   0.375747822E+00  -0.720417662E-02   0.413560002E+01
   0.100000000E+01   0.100000000E-03   0.454807750E+00  -0.708496094E-02   0.810593222E+01
   0.100000000E+01   0.177827900E-03   0.520095025E+00  -0.667339407E-02   0.170006758E+02
   0.100000000E+01   0.316227800E-03   0.579804614E+00  -0.593251813E-02   0.332175391E+02
   0.100000000E+01   0.562341300E-03   0.636512061E+00  -0.500246315E-02   0.613430733E+02
   0.100000000E+01   0.100000000E-02   0.691669437E+00  -0.406820427E-02   0.107491024E+03
   0.100000000E+01   0.177827940E-02   0.748874102E+00  -0.325625129E-02   0.177269056E+03
   0.100000000E+01   0.316227770E-02   0.810756754E+00  -0.255499938E-02   0.264805292E+03
   0.100000000E+01   0.562341330E-02   0.881209448E+00  -0.188377422E-02   0.315789055E+03
   0.100000000E+01   0.100000000E-01   0.971192326E+00  -0.990624207E-03   0.157022598E+03
