 hih1=   8.000 Number of points =  130
   0.100000000E+00   0.100000000E-04   0.139717480E+00   0.204023228E-05   0.126585152E+00
   0.100000000E+00   0.177828000E-04   0.209388327E+00   0.502037750E-05   0.519357602E+00
   0.100000000E+00   0.316228000E-04   0.312056170E+00   0.110763527E-04   0.137768933E+01
   0.100000000E+00   0.562341000E-04   0.428827620E+00   0.245562538E-04   0.330074027E+01
   0.100000000E+00   0.100000000E-03   0.538754640E+00   0.531726666E-04   0.726654067E+01
   0.100000000E+00   0.177827900E-03   0.635182789E+00   0.112098608E-03   0.145485408E+02
   0.100000000E+00   0.316227800E-03   0.726037414E+00   0.231575152E-03   0.259476607E+02
   0.100000000E+00   0.562341300E-03   0.820692638E+00   0.491980368E-03   0.380671831E+02
   0.100000000E+00   0.100000000E-02   0.924542534E+00   0.120385718E-02   0.283765393E+02
   0.100000000E+00   0.177827940E-02   0.995194802E+00   0.186316164E-02   0.338184867E+01
   0.100000000E+00   0.316227770E-02   0.100034771E+01   0.188715357E-02   0.190529324E-01
   0.100000000E+00   0.562341330E-02   0.100034445E+01   0.187413178E-02   0.163841856E-03
   0.100000000E+00   0.100000000E-01   0.100032790E+01   0.185893629E-02   0.592269515E-04
   0.200000000E+00   0.100000000E-04   0.124873215E+00   0.851662636E-06   0.111879914E+00
   0.200000000E+00   0.177828000E-04   0.188514262E+00   0.211530639E-05   0.479069986E+00
   0.200000000E+00   0.316228000E-04   0.283460261E+00   0.468884871E-05   0.128422793E+01
   0.200000000E+00   0.562341000E-04   0.391947380E+00   0.104154670E-04   0.311800351E+01
   0.200000000E+00   0.100000000E-03   0.494628970E+00   0.225130594E-04   0.698204021E+01
   0.200000000E+00   0.177827900E-03   0.583941502E+00   0.473178153E-04   0.144230415E+02
   0.200000000E+00   0.316227800E-03   0.666341355E+00   0.982901923E-04   0.274206902E+02
   0.200000000E+00   0.562341300E-03   0.748024742E+00   0.202489058E-03   0.474918557E+02
   0.200000000E+00   0.100000000E-02   0.827877247E+00   0.420697657E-03   0.660655394E+02
   0.200000000E+00   0.177827940E-02   0.927591686E+00   0.103348468E-02   0.522691482E+02
   0.200000000E+00   0.316227770E-02   0.996326045E+00   0.165806586E-02   0.640850333E+01
   0.200000000E+00   0.562341330E-02   0.100055554E+01   0.164532894E-02   0.825684351E-01
   0.200000000E+00   0.100000000E-01   0.100057097E+01   0.164354874E-02   0.113106622E-03
   0.300000000E+00   0.100000000E-04   0.117244868E+00   0.508161792E-06   0.104217353E+00
   0.300000000E+00   0.177828000E-04   0.177746479E+00   0.127787584E-05   0.457092216E+00
   0.300000000E+00   0.316228000E-04   0.268629629E+00   0.284996321E-05   0.123225616E+01
   0.300000000E+00   0.562341000E-04   0.372815931E+00   0.636397832E-05   0.300981989E+01
   0.300000000E+00   0.100000000E-03   0.471861090E+00   0.137846222E-04   0.678800652E+01
   0.300000000E+00   0.177827900E-03   0.557778257E+00   0.288760665E-04   0.141868052E+02
   0.300000000E+00   0.316227800E-03   0.636435667E+00   0.594420900E-04   0.275301123E+02
   0.300000000E+00   0.562341300E-03   0.713382807E+00   0.121328035E-03   0.495279997E+02
   0.300000000E+00   0.100000000E-02   0.785942665E+00   0.251124651E-03   0.785247110E+02
   0.300000000E+00   0.177827940E-02   0.867748994E+00   0.518490209E-03   0.960040598E+02
   0.300000000E+00   0.316227770E-02   0.962576900E+00   0.123356970E-02   0.486502177E+02
   0.300000000E+00   0.562341330E-02   0.999606515E+00   0.153117019E-02   0.252717063E+01
   0.300000000E+00   0.100000000E-01   0.100065741E+01   0.152960716E-02   0.412939572E-02
   0.400000000E+00   0.100000000E-04   0.112238226E+00   0.358490348E-06   0.991649556E-01
   0.400000000E+00   0.177828000E-04   0.170660432E+00   0.906291426E-06   0.442203697E+00
   0.400000000E+00   0.316228000E-04   0.258833112E+00   0.202647552E-05   0.119666857E+01
   0.400000000E+00   0.562341000E-04   0.360169026E+00   0.453821648E-05   0.293370751E+01
   0.400000000E+00   0.100000000E-03   0.456844629E+00   0.984329373E-05   0.664459839E+01
   0.400000000E+00   0.177827900E-03   0.540605395E+00   0.205939381E-04   0.139772745E+02
   0.400000000E+00   0.316227800E-03   0.616966352E+00   0.422150499E-04   0.274108886E+02
   0.400000000E+00   0.562341300E-03   0.691113064E+00   0.852749377E-04   0.502563947E+02
   0.400000000E+00   0.100000000E-02   0.760043542E+00   0.174032551E-03   0.833106582E+02
   0.400000000E+00   0.177827940E-02   0.835125165E+00   0.359261695E-03   0.119637434E+03
   0.400000000E+00   0.316227770E-02   0.922253003E+00   0.821774178E-03   0.100640503E+03
   0.400000000E+00   0.562341330E-02   0.993491420E+00   0.142367903E-02   0.153705922E+02
   0.400000000E+00   0.100000000E-01   0.100068851E+01   0.145446867E-02   0.730391899E-01
   0.500000000E+00   0.100000000E-04   0.108565262E+00   0.271926087E-06   0.954515974E-01
   0.500000000E+00   0.177828000E-04   0.165451007E+00   0.690415408E-06   0.431048085E+00
   0.500000000E+00   0.316228000E-04   0.251609761E+00   0.154699379E-05   0.116980526E+01
   0.500000000E+00   0.562341000E-04   0.350836209E+00   0.347281790E-05   0.287535010E+01
   0.500000000E+00   0.100000000E-03   0.445776325E+00   0.754091170E-05   0.653186779E+01
   0.500000000E+00   0.177827900E-03   0.527983322E+00   0.157588893E-04   0.137990946E+02
   0.500000000E+00   0.316227800E-03   0.602730167E+00   0.322181807E-04   0.272370569E+02
   0.500000000E+00   0.562341300E-03   0.674962978E+00   0.649376620E-04   0.505196910E+02
   0.500000000E+00   0.100000000E-02   0.741389852E+00   0.132489391E-03   0.861418804E+02
   0.500000000E+00   0.177827940E-02   0.812399474E+00   0.266997628E-03   0.131962569E+03
   0.500000000E+00   0.316227770E-02   0.892457399E+00   0.585986795E-03   0.140334047E+03
   0.500000000E+00   0.562341330E-02   0.980556521E+00   0.128988961E-02   0.438851687E+02
   0.500000000E+00   0.100000000E-01   0.100063101E+01   0.139064077E-02   0.631282985E+00
   0.600000000E+00   0.100000000E-04   0.105649553E+00   0.215138355E-06   0.924984961E-01
   0.600000000E+00   0.177828000E-04   0.161309004E+00   0.549895369E-06   0.422041514E+00
   0.600000000E+00   0.316228000E-04   0.245853709E+00   0.123609402E-05   0.114799371E+01
   0.600000000E+00   0.562341000E-04   0.343394802E+00   0.278414939E-05   0.282743429E+01
   0.600000000E+00   0.100000000E-03   0.436959629E+00   0.605920254E-05   0.643769359E+01
   0.600000000E+00   0.177827900E-03   0.517951148E+00   0.126756435E-04   0.136424164E+02
   0.600000000E+00   0.316227800E-03   0.591462022E+00   0.259227945E-04   0.270434880E+02
   0.600000000E+00   0.562341300E-03   0.662278336E+00   0.521358619E-04   0.505324102E+02
   0.600000000E+00   0.100000000E-02   0.727000306E+00   0.105354615E-03   0.875435185E+02
   0.600000000E+00   0.177827940E-02   0.795664889E+00   0.212648856E-03   0.138388842E+03
   0.600000000E+00   0.316227770E-02   0.869870048E+00   0.447008835E-03   0.172121096E+03
   0.600000000E+00   0.562341330E-02   0.962025372E+00   0.107872712E-02   0.874067387E+02
   0.600000000E+00   0.100000000E-01   0.100014523E+01   0.136167650E-02   0.328619452E+01
   0.700000000E+00   0.100000000E-04   0.103332842E+00   0.172378238E-06   0.901556855E-01
   0.700000000E+00   0.177828000E-04   0.158012354E+00   0.441303108E-06   0.414809761E+00
   0.700000000E+00   0.316228000E-04   0.241261660E+00   0.992747358E-06   0.113040247E+01
   0.700000000E+00   0.562341000E-04   0.337451562E+00   0.223939736E-05   0.278855603E+01
   0.700000000E+00   0.100000000E-03   0.429916432E+00   0.487819305E-05   0.636090978E+01
   0.700000000E+00   0.177827900E-03   0.509937564E+00   0.102035325E-04   0.135136902E+02
   0.700000000E+00   0.316227800E-03   0.582464035E+00   0.208504197E-04   0.268791706E+02
   0.700000000E+00   0.562341300E-03   0.652159206E+00   0.418734160E-04   0.505157580E+02
   0.700000000E+00   0.100000000E-02   0.715523113E+00   0.847150789E-04   0.886504697E+02
   0.700000000E+00   0.177827940E-02   0.782173520E+00   0.172966651E-03   0.143911224E+03
   0.700000000E+00   0.316227770E-02   0.852668486E+00   0.354076645E-03   0.192978291E+03
   0.700000000E+00   0.562341330E-02   0.941021579E+00   0.864363928E-03   0.137921885E+03
   0.700000000E+00   0.100000000E-01   0.998267813E+00   0.133069517E-02   0.115504080E+02
   0.800000000E+00   0.100000000E-04   0.101402867E+00   0.150569994E-06   0.881814472E-01
   0.800000000E+00   0.177828000E-04   0.155264882E+00   0.383868676E-06   0.408638966E+00
   0.800000000E+00   0.316228000E-04   0.237432384E+00   0.861824994E-06   0.111532378E+01
   0.800000000E+00   0.562341000E-04   0.332498532E+00   0.194317291E-05   0.275484444E+01
   0.800000000E+00   0.100000000E-03   0.424057888E+00   0.423033862E-05   0.629296043E+01
   0.800000000E+00   0.177827900E-03   0.503290184E+00   0.883073741E-05   0.133934836E+02
   0.800000000E+00   0.316227800E-03   0.575027767E+00   0.179820891E-04   0.266997776E+02
   0.800000000E+00   0.562341300E-03   0.643832248E+00   0.359350370E-04   0.503787003E+02
   0.800000000E+00   0.100000000E-02   0.706108891E+00   0.720986061E-04   0.892343590E+02
   0.800000000E+00   0.177827940E-02   0.771201174E+00   0.144970040E-03   0.147340601E+03
   0.800000000E+00   0.316227770E-02   0.839311526E+00   0.291022710E-03   0.207559434E+03
   0.800000000E+00   0.562341330E-02   0.921260959E+00   0.676372574E-03   0.188101203E+03
   0.800000000E+00   0.100000000E-01   0.993879326E+00   0.125686434E-02   0.292433670E+02
   0.900000000E+00   0.100000000E-04   0.997690736E-01   0.120077586E-06   0.864827045E-01
   0.900000000E+00   0.177828000E-04   0.152937739E+00   0.302978987E-06   0.403263572E+00
   0.900000000E+00   0.316228000E-04   0.234186412E+00   0.676826990E-06   0.110213101E+01
   0.900000000E+00   0.562341000E-04   0.328300448E+00   0.152396460E-05   0.272508512E+01
   0.900000000E+00   0.100000000E-03   0.419096683E+00   0.331696755E-05   0.623223964E+01
   0.900000000E+00   0.177827900E-03   0.497666863E+00   0.692481405E-05   0.132831720E+02
   0.900000000E+00   0.316227800E-03   0.568748979E+00   0.141193650E-04   0.265224823E+02
   0.900000000E+00   0.562341300E-03   0.636831963E+00   0.283040291E-04   0.501827401E+02
   0.900000000E+00   0.100000000E-02   0.698275382E+00   0.569430421E-04   0.894400351E+02
   0.900000000E+00   0.177827940E-02   0.762252029E+00   0.114306980E-03   0.149300595E+03
   0.900000000E+00   0.316227770E-02   0.828600469E+00   0.235306978E-03   0.218119218E+03
   0.900000000E+00   0.562341330E-02   0.905250873E+00   0.502098553E-03   0.229766695E+03
   0.900000000E+00   0.100000000E-01   0.986726372E+00   0.111061223E-02   0.580288319E+02
   0.100000000E+01   0.100000000E-04   0.176423208E+00  -0.184267491E-02   0.245262130E+01
   0.100000000E+01   0.177828000E-04   0.213768609E+00  -0.258234256E-02   0.277299038E+01
   0.100000000E+01   0.316228000E-04   0.274257251E+00  -0.441205700E-02   0.348497929E+01
   0.100000000E+01   0.562341000E-04   0.350254384E+00  -0.582463154E-02   0.476513382E+01
   0.100000000E+01   0.100000000E-03   0.432575927E+00  -0.607507728E-02   0.744452539E+01
   0.100000000E+01   0.177827900E-03   0.506719033E+00  -0.578431717E-02   0.138942558E+02
   0.100000000E+01   0.316227800E-03   0.573876173E+00  -0.537218275E-02   0.270748391E+02
   0.100000000E+01   0.562341300E-03   0.638796014E+00  -0.476872769E-02   0.508255137E+02
   0.100000000E+01   0.100000000E-02   0.697703057E+00  -0.404821464E-02   0.904651294E+02
   0.100000000E+01   0.177827940E-02   0.759164260E+00  -0.326814189E-02   0.151829011E+03
   0.100000000E+01   0.316227770E-02   0.822732653E+00  -0.258456366E-02   0.227441721E+03
   0.100000000E+01   0.562341330E-02   0.895196282E+00  -0.193611986E-02   0.259976047E+03
   0.100000000E+01   0.100000000E-01   0.978815781E+00  -0.983246238E-03   0.945695013E+02
