 hih1=   3.200 Number of points =  130
   0.100000000E+00   0.316230000E-05   0.300220345E+00   0.653225582E-06   0.962840054E+00
   0.100000000E+00   0.562340000E-05   0.396896965E+00   0.152479186E-05   0.341117423E+01
   0.100000000E+00   0.100000000E-04   0.472629191E+00   0.322958403E-05   0.866198941E+01
   0.100000000E+00   0.177828000E-04   0.535891685E+00   0.655074418E-05   0.185865819E+02
   0.100000000E+00   0.316228000E-04   0.592954841E+00   0.129601613E-04   0.366252380E+02
   0.100000000E+00   0.562341000E-04   0.646273347E+00   0.253373247E-04   0.683482298E+02
   0.100000000E+00   0.100000000E-03   0.698443318E+00   0.493395674E-04   0.121985800E+03
   0.100000000E+00   0.177827900E-03   0.750942004E+00   0.967226822E-04   0.206089913E+03
   0.100000000E+00   0.316227800E-03   0.806269885E+00   0.194182779E-03   0.314956689E+03
   0.100000000E+00   0.562341300E-03   0.870850362E+00   0.416759069E-03   0.362108232E+03
   0.100000000E+00   0.100000000E-02   0.962436428E+00   0.103389566E-02   0.193041230E+03
   0.100000000E+00   0.177827940E-02   0.100011680E+01   0.141162773E-02   0.777490025E+00
   0.100000000E+00   0.316227770E-02   0.100011494E+01   0.140677055E-02   0.618500205E-01
   0.200000000E+00   0.316230000E-05   0.278877753E+00   0.291769258E-06   0.862503547E+00
   0.200000000E+00   0.562340000E-05   0.372333499E+00   0.690523410E-06   0.314945441E+01
   0.200000000E+00   0.100000000E-04   0.445672569E+00   0.147183154E-05   0.814703030E+01
   0.200000000E+00   0.177828000E-04   0.506568633E+00   0.299189748E-05   0.176501613E+02
   0.200000000E+00   0.316228000E-04   0.561213349E+00   0.591637174E-05   0.350726917E+02
   0.200000000E+00   0.562341000E-04   0.611951353E+00   0.115282807E-04   0.662045965E+02
   0.200000000E+00   0.100000000E-03   0.661114871E+00   0.222810256E-04   0.120590895E+03
   0.200000000E+00   0.177827900E-03   0.709672510E+00   0.430097434E-04   0.212481765E+03
   0.200000000E+00   0.316227800E-03   0.758855130E+00   0.836261117E-04   0.357473885E+03
   0.200000000E+00   0.562341300E-03   0.810751343E+00   0.166252372E-03   0.549943483E+03
   0.200000000E+00   0.100000000E-02   0.870621506E+00   0.350723389E-03   0.658944018E+03
   0.200000000E+00   0.177827940E-02   0.955250259E+00   0.858475891E-03   0.379753187E+03
   0.200000000E+00   0.316227770E-02   0.100033135E+01   0.127711445E-02   0.232500116E+01
   0.300000000E+00   0.316230000E-05   0.267285647E+00   0.182746577E-06   0.809912399E+00
   0.300000000E+00   0.562340000E-05   0.358901613E+00   0.435985376E-06   0.300797533E+01
   0.300000000E+00   0.100000000E-04   0.430926733E+00   0.932855028E-06   0.786315598E+01
   0.300000000E+00   0.177828000E-04   0.490547406E+00   0.189919144E-05   0.171216019E+02
   0.300000000E+00   0.316228000E-04   0.543916040E+00   0.375647690E-05   0.341500166E+02
   0.300000000E+00   0.562341000E-04   0.593342900E+00   0.731313681E-05   0.647352504E+02
   0.300000000E+00   0.100000000E-03   0.641074353E+00   0.141017642E-04   0.118696344E+03
   0.300000000E+00   0.177827900E-03   0.687942486E+00   0.270931848E-04   0.211795479E+03
   0.300000000E+00   0.316227800E-03   0.734866060E+00   0.521845822E-04   0.365938141E+03
   0.300000000E+00   0.562341300E-03   0.783154845E+00   0.101730540E-03   0.598634378E+03
   0.300000000E+00   0.100000000E-02   0.835392471E+00   0.204458371E-03   0.870142382E+03
   0.300000000E+00   0.177827940E-02   0.899722627E+00   0.449399436E-03   0.858733392E+03
   0.300000000E+00   0.316227770E-02   0.987678758E+00   0.110146089E-02   0.262788354E+03
   0.400000000E+00   0.316230000E-05   0.259424830E+00   0.131096513E-06   0.775036171E+00
   0.400000000E+00   0.562340000E-05   0.349752552E+00   0.314537610E-06   0.291241451E+01
   0.400000000E+00   0.100000000E-04   0.420877780E+00   0.674876380E-06   0.766938887E+01
   0.400000000E+00   0.177828000E-04   0.479633395E+00   0.137562691E-05   0.167573685E+02
   0.400000000E+00   0.316228000E-04   0.532144082E+00   0.272187791E-05   0.335022421E+02
   0.400000000E+00   0.562341000E-04   0.580702921E+00   0.529741976E-05   0.636567110E+02
   0.400000000E+00   0.100000000E-03   0.627511588E+00   0.102043204E-04   0.117111416E+03
   0.400000000E+00   0.177827900E-03   0.673340517E+00   0.195615103E-04   0.210239690E+03
   0.400000000E+00   0.316227800E-03   0.718972791E+00   0.375090912E-04   0.367755180E+03
   0.400000000E+00   0.562341300E-03   0.765401352E+00   0.724571131E-04   0.618115711E+03
   0.400000000E+00   0.100000000E-02   0.814373024E+00   0.142877232E-03   0.959088201E+03
   0.400000000E+00   0.177827940E-02   0.870138009E+00   0.296699088E-03   0.119650732E+04
   0.400000000E+00   0.316227770E-02   0.947950673E+00   0.713777233E-03   0.756267416E+03
   0.500000000E+00   0.316230000E-05   0.253529113E+00   0.101297811E-06   0.749298338E+00
   0.500000000E+00   0.562340000E-05   0.342867618E+00   0.244103515E-06   0.284096138E+01
   0.500000000E+00   0.100000000E-04   0.413312210E+00   0.524898396E-06   0.752344504E+01
   0.500000000E+00   0.177828000E-04   0.471417868E+00   0.107097272E-05   0.164815010E+02
   0.500000000E+00   0.316228000E-04   0.523287181E+00   0.211984475E-05   0.330066458E+02
   0.500000000E+00   0.562341000E-04   0.571202661E+00   0.412535661E-05   0.628127691E+02
   0.500000000E+00   0.100000000E-03   0.617337603E+00   0.794201718E-05   0.115797791E+03
   0.500000000E+00   0.177827900E-03   0.662427591E+00   0.152044357E-04   0.208626530E+03
   0.500000000E+00   0.316227800E-03   0.707180574E+00   0.290752523E-04   0.367522336E+03
   0.500000000E+00   0.562341300E-03   0.752421235E+00   0.558579162E-04   0.627110408E+03
   0.500000000E+00   0.100000000E-02   0.799478028E+00   0.108891139E-03   0.100749449E+04
   0.500000000E+00   0.177827940E-02   0.851147802E+00   0.220089131E-03   0.140682137E+04
   0.500000000E+00   0.316227770E-02   0.917580704E+00   0.497466197E-03   0.121221714E+04
   0.600000000E+00   0.316230000E-05   0.248837523E+00   0.829849259E-07   0.728277858E+00
   0.600000000E+00   0.562340000E-05   0.337397067E+00   0.198427688E-06   0.278353344E+01
   0.600000000E+00   0.100000000E-04   0.407299660E+00   0.423817061E-06   0.740607272E+01
   0.600000000E+00   0.177828000E-04   0.464887003E+00   0.862564110E-06   0.162592776E+02
   0.600000000E+00   0.316228000E-04   0.516245183E+00   0.170645307E-05   0.326055702E+02
   0.600000000E+00   0.562341000E-04   0.563650066E+00   0.332235720E-05   0.621216333E+02
   0.600000000E+00   0.100000000E-03   0.609255185E+00   0.640100006E-05   0.114688796E+03
   0.600000000E+00   0.177827900E-03   0.653774189E+00   0.122619482E-04   0.207122391E+03
   0.600000000E+00   0.316227800E-03   0.697868039E+00   0.234468047E-04   0.366552283E+03
   0.600000000E+00   0.562341300E-03   0.742258630E+00   0.449655696E-04   0.631473368E+03
   0.600000000E+00   0.100000000E-02   0.788027618E+00   0.871775960E-04   0.103649781E+04
   0.600000000E+00   0.177827940E-02   0.837279689E+00   0.173788974E-03   0.152941939E+04
   0.600000000E+00   0.316227770E-02   0.896648835E+00   0.375089166E-03   0.160567900E+04
   0.700000000E+00   0.316230000E-05   0.244967245E+00   0.688347859E-07   0.709189660E+00
   0.700000000E+00   0.562340000E-05   0.332931676E+00   0.165037767E-06   0.273439644E+01
   0.700000000E+00   0.100000000E-04   0.402394741E+00   0.352862139E-06   0.730668149E+01
   0.700000000E+00   0.177828000E-04   0.459554916E+00   0.718491486E-06   0.160713674E+02
   0.700000000E+00   0.316228000E-04   0.510489886E+00   0.142168038E-05   0.322656020E+02
   0.700000000E+00   0.562341000E-04   0.557472213E+00   0.276778604E-05   0.615306380E+02
   0.700000000E+00   0.100000000E-03   0.602640978E+00   0.533089268E-05   0.113719683E+03
   0.700000000E+00   0.177827900E-03   0.646694576E+00   0.102050014E-04   0.205724679E+03
   0.700000000E+00   0.316227800E-03   0.690261275E+00   0.194884560E-04   0.365258929E+03
   0.700000000E+00   0.562341300E-03   0.733993555E+00   0.372878704E-04   0.633429507E+03
   0.700000000E+00   0.100000000E-02   0.778812582E+00   0.719765920E-04   0.105488843E+04
   0.700000000E+00   0.177827940E-02   0.826399326E+00   0.142148893E-03   0.161184766E+04
   0.700000000E+00   0.316227770E-02   0.881401839E+00   0.298092475E-03   0.191776576E+04
   0.800000000E+00   0.316230000E-05   0.241722856E+00   0.577961176E-07   0.693281292E+00
   0.800000000E+00   0.562340000E-05   0.329182627E+00   0.138919086E-06   0.269321935E+01
   0.800000000E+00   0.100000000E-04   0.398275769E+00   0.297340171E-06   0.722310906E+01
   0.800000000E+00   0.177828000E-04   0.455077307E+00   0.605743561E-06   0.159129832E+02
   0.800000000E+00   0.316228000E-04   0.505657536E+00   0.119882365E-05   0.319779370E+02
   0.800000000E+00   0.562341000E-04   0.552286656E+00   0.233391760E-05   0.610267542E+02
   0.800000000E+00   0.100000000E-03   0.597092451E+00   0.449442569E-05   0.112880048E+03
   0.800000000E+00   0.177827900E-03   0.640762169E+00   0.860018590E-05   0.204463796E+03
   0.800000000E+00   0.316227800E-03   0.683900062E+00   0.164108626E-04   0.363878904E+03
   0.800000000E+00   0.562341300E-03   0.727108213E+00   0.313533905E-04   0.634079245E+03
   0.800000000E+00   0.100000000E-02   0.771194174E+00   0.603478457E-04   0.106700569E+04
   0.800000000E+00   0.177827940E-02   0.817550508E+00   0.118442875E-03   0.167067059E+04
   0.800000000E+00   0.316227770E-02   0.869680905E+00   0.243902003E-03   0.216192236E+04
   0.900000000E+00   0.316230000E-05   0.239021266E+00   0.465821862E-07   0.680090713E+00
   0.900000000E+00   0.562340000E-05   0.326056779E+00   0.112188721E-06   0.265889959E+01
   0.900000000E+00   0.100000000E-04   0.394841085E+00   0.240298335E-06   0.715319186E+01
   0.900000000E+00   0.177828000E-04   0.451343794E+00   0.489649276E-06   0.157800486E+02
   0.900000000E+00   0.316228000E-04   0.501628723E+00   0.969075922E-06   0.317353569E+02
   0.900000000E+00   0.562341000E-04   0.547964185E+00   0.188648149E-05   0.605985885E+02
   0.900000000E+00   0.100000000E-03   0.592468705E+00   0.363247352E-05   0.112157013E+03
   0.900000000E+00   0.177827900E-03   0.635820627E+00   0.695090641E-05   0.203347027E+03
   0.900000000E+00   0.316227800E-03   0.678605294E+00   0.132678658E-04   0.362537475E+03
   0.900000000E+00   0.562341300E-03   0.721386170E+00   0.253622513E-04   0.634041919E+03
   0.900000000E+00   0.100000000E-02   0.764886385E+00   0.488513516E-04   0.107528873E+04
   0.900000000E+00   0.177827940E-02   0.810291385E+00   0.958846869E-04   0.171416411E+04
   0.900000000E+00   0.316227770E-02   0.860415422E+00   0.196432586E-03   0.234968287E+04
   0.100000000E+01   0.316230000E-05   0.288696123E+00  -0.216197478E-02   0.176658026E+01
   0.100000000E+01   0.562340000E-05   0.351668618E+00  -0.270936154E-02   0.423614414E+01
   0.100000000E+01   0.100000000E-04   0.408041850E+00  -0.306989059E-02   0.892583355E+01
   0.100000000E+01   0.177828000E-04   0.459302079E+00  -0.324807368E-02   0.174555537E+02
   0.100000000E+01   0.316228000E-04   0.506814082E+00  -0.330595199E-02   0.330709923E+02
   0.100000000E+01   0.562341000E-04   0.551296414E+00  -0.326389556E-02   0.613556332E+02
   0.100000000E+01   0.100000000E-03   0.594442445E+00  -0.307920725E-02   0.113205315E+03
   0.100000000E+01   0.177827900E-03   0.636671945E+00  -0.272319874E-02   0.204303291E+03
   0.100000000E+01   0.316227800E-03   0.678363456E+00  -0.229609568E-02   0.363547759E+03
   0.100000000E+01   0.562341300E-03   0.720046952E+00  -0.189749779E-02   0.636387399E+03
   0.100000000E+01   0.100000000E-02   0.762396365E+00  -0.157863923E-02   0.108435020E+04
   0.100000000E+01   0.177827940E-02   0.806460442E+00  -0.131154710E-02   0.175039659E+04
   0.100000000E+01   0.316227770E-02   0.854584989E+00  -0.105641959E-02   0.249010937E+04
