 hih1=   2.667 Number of points =  165
   0.966728435E+00  -0.584443850E-02   0.207643260E+00   0.277995234E-01   0.705228212E+01
   0.966729474E+00  -0.585215160E-02   0.223999721E+00   0.299833796E-01   0.750714573E+01
   0.966731322E+00  -0.586586760E-02   0.260268512E+00   0.348525368E-01   0.793686423E+01
   0.966734608E+00  -0.589025860E-02   0.309662694E+00   0.414614809E-01   0.924950200E+01
   0.966740452E+00  -0.593363260E-02   0.358514970E+00   0.479710384E-01   0.121682434E+02
   0.966750843E+00  -0.601076380E-02   0.395354517E+00   0.528102302E-01   0.179290325E+02
   0.966769322E+00  -0.614792440E-02   0.360363154E+00   0.481218444E-01   0.204112144E+02
   0.966802182E+00  -0.639183440E-02   0.454844317E+00   0.604407820E-01   0.392779787E+02
   0.966860617E+00  -0.682557450E-02   0.510433210E+00   0.671857974E-01   0.740120099E+02
   0.966964531E+00  -0.759688550E-02   0.564188945E+00   0.730922647E-01   0.131379271E+03
   0.967149319E+00  -0.896849210E-02   0.623983878E+00   0.787916556E-01   0.214078170E+03
   0.967477924E+00  -0.114075918E-01   0.697295759E+00   0.845434178E-01   0.291556267E+03
   0.968062275E+00  -0.157449926E-01   0.807545035E+00   0.919491130E-01   0.235874231E+03
   0.969101414E+00  -0.234581031E-01   0.934793897E+00   0.974503827E-01   0.335184132E+02
   0.970949294E+00  -0.371741687E-01   0.941405434E+00   0.876823095E-01   0.589147116E-01
   0.765671056E+00  -0.299652641E-01   0.298700749E+00   0.317591447E-01   0.147057770E+02
   0.765671878E+00  -0.299730034E-01   0.341994373E+00   0.363385625E-01   0.150028189E+02
   0.765673339E+00  -0.299867660E-01   0.376384428E+00   0.399651331E-01   0.157117153E+02
   0.765675938E+00  -0.300112397E-01   0.447443258E+00   0.474790550E-01   0.172318309E+02
   0.765680560E+00  -0.300547608E-01   0.500860105E+00   0.531158780E-01   0.206582582E+02
   0.765688779E+00  -0.301321536E-01   0.542941072E+00   0.575431982E-01   0.270503087E+02
   0.765703394E+00  -0.302697796E-01   0.583258005E+00   0.617660734E-01   0.384660866E+02
   0.765729384E+00  -0.305145170E-01   0.565815383E+00   0.599333947E-01   0.434243785E+02
   0.765775602E+00  -0.309497285E-01   0.652412778E+00   0.689329385E-01   0.793141501E+02
   0.765857790E+00  -0.317236561E-01   0.716167960E+00   0.753600413E-01   0.136616962E+03
   0.766003943E+00  -0.330999157E-01   0.782162269E+00   0.817146769E-01   0.206718873E+03
   0.766263843E+00  -0.355472899E-01   0.867273014E+00   0.894304990E-01   0.218010529E+03
   0.766726019E+00  -0.398994049E-01   0.994897961E+00   0.100135310E+00   0.101679699E+03
   0.767547896E+00  -0.476386814E-01   0.102884679E+01   0.100857622E+00   0.569862518E-01
   0.769009425E+00  -0.614012775E-01   0.102763658E+01   0.967008356E-01   0.550758149E-01
   0.473497570E+00  -0.545438538E-01   0.320008397E+00   0.184884896E-01   0.977435868E+01
   0.473498013E+00  -0.545516239E-01   0.379220853E+00   0.218240578E-01   0.100761318E+02
   0.473498802E+00  -0.545654414E-01   0.427868046E+00   0.245444762E-01   0.108186213E+02
   0.473500204E+00  -0.545900128E-01   0.513228766E+00   0.293518830E-01   0.125620798E+02
   0.473502697E+00  -0.546337076E-01   0.571688033E+00   0.326235993E-01   0.163938439E+02
   0.473507131E+00  -0.547114091E-01   0.625556494E+00   0.356440561E-01   0.233618354E+02
   0.473515015E+00  -0.548495842E-01   0.576928241E+00   0.329479195E-01   0.254229199E+02
   0.473529036E+00  -0.550952980E-01   0.700341220E+00   0.398144482E-01   0.468519885E+02
   0.473553969E+00  -0.555322459E-01   0.775145737E+00   0.438767383E-01   0.820324081E+02
   0.473598308E+00  -0.563092613E-01   0.847545282E+00   0.476306535E-01   0.126810581E+03
   0.473677153E+00  -0.576910119E-01   0.935317851E+00   0.518507867E-01   0.140574200E+03
   0.473817363E+00  -0.601481504E-01   0.106384743E+01   0.573443974E-01   0.751559526E+02
   0.474066694E+00  -0.645176292E-01   0.110859796E+01   0.581798969E-01   0.975571596E-01
   0.474510076E+00  -0.722877835E-01   0.110661621E+01   0.561949799E-01   0.537529122E-01
   0.475298532E+00  -0.861052888E-01   0.110314824E+01   0.528180963E-01   0.530974289E-01
   0.192978671E+00  -0.569616902E-01   0.444506940E+00  -0.287236811E-01   0.954805866E+01
   0.192978181E+00  -0.569694576E-01   0.458457449E+00  -0.296417600E-01   0.985828143E+01
   0.192977310E+00  -0.569832701E-01   0.566398659E+00  -0.361758447E-01   0.109756258E+02
   0.192975762E+00  -0.570078327E-01   0.621645607E+00  -0.396430486E-01   0.126097992E+02
   0.192973008E+00  -0.570515119E-01   0.688640224E+00  -0.437608302E-01   0.166044794E+02
   0.192968111E+00  -0.571291856E-01   0.751842367E+00  -0.477234763E-01   0.236601846E+02
   0.192959403E+00  -0.572673112E-01   0.734041307E+00  -0.468006738E-01   0.255818330E+02
   0.192943918E+00  -0.575129371E-01   0.852691342E+00  -0.543053481E-01   0.433227698E+02
   0.192916381E+00  -0.579497287E-01   0.948541864E+00  -0.606893421E-01   0.586909753E+02
   0.192867413E+00  -0.587264660E-01   0.106745629E+01  -0.691122379E-01   0.473266628E+02
   0.192780334E+00  -0.601077221E-01   0.117188887E+01  -0.770051116E-01   0.600607392E+01
   0.192625482E+00  -0.625639813E-01   0.117222016E+01  -0.774152150E-01   0.478801262E-01
   0.192350113E+00  -0.669318966E-01   0.116830062E+01  -0.777336487E-01   0.487043943E-01
   0.191860430E+00  -0.746992703E-01   0.116142496E+01  -0.780510282E-01   0.486046098E-01
   0.190989636E+00  -0.885118310E-01   0.114980668E+01  -0.779209715E-01   0.482647032E-01
   0.227838417E-01  -0.250702561E-01   0.685118093E+00  -0.348056274E+00   0.653391406E+00
   0.227803329E-01  -0.250772031E-01   0.693525100E+00  -0.351017023E+00   0.114169191E+01
   0.227740934E-01  -0.250895568E-01   0.730431419E+00  -0.369274309E+00   0.167153508E+01
   0.227629978E-01  -0.251115251E-01   0.774255174E+00  -0.391349563E+00   0.220236455E+01
   0.227432667E-01  -0.251505908E-01   0.830172604E+00  -0.418578582E+00   0.347874272E+01
   0.227081793E-01  -0.252200607E-01   0.884295464E+00  -0.445292008E+00   0.370516040E+01
   0.226457840E-01  -0.253435975E-01   0.952611353E+00  -0.478994108E+00   0.241034971E+01
   0.225348279E-01  -0.255632805E-01   0.967391144E+00  -0.485362221E+00   0.255793214E+00
   0.223375169E-01  -0.259539383E-01   0.940518973E+00  -0.472540095E+00   0.256598161E+01
   0.219866427E-01  -0.266486369E-01   0.965820773E+00  -0.480684256E+00   0.442902948E-01
   0.213626905E-01  -0.278840051E-01   0.957936975E+00  -0.468203626E+00   0.440935803E-01
   0.202531290E-01  -0.300808351E-01   0.946489468E+00  -0.447135424E+00   0.439447525E-01
   0.182800187E-01  -0.339874125E-01   0.931878233E+00  -0.410757715E+00   0.438271088E-01
   0.147712773E-01  -0.409343987E-01   0.919220703E+00  -0.354910362E+00   0.434990513E-01
   0.853175460E-02  -0.532880813E-01   0.917842518E+00  -0.281476767E+00   0.430368607E-01
  -0.100000000E-04   0.000000000E+00   0.408076235E-02   0.292011616E-05   0.202065489E-05
  -0.177828000E-04   0.000000000E+00   0.478639269E-02   0.328600628E-05   0.255896046E-05
  -0.316228000E-04   0.000000000E+00   0.602169135E-02   0.352970255E-05   0.909328935E-05
  -0.562341000E-04   0.000000000E+00   0.811603755E-02   0.368532072E-05   0.582882746E-04
  -0.100000000E-03   0.000000000E+00   0.117158692E-01   0.379747590E-05   0.367736028E-03
  -0.177827900E-03   0.000000000E+00   0.178710955E-01   0.379886204E-05   0.108954000E-01
  -0.316227800E-03   0.000000000E+00   0.285644716E-01   0.379256692E-05   0.437153596E-01
  -0.562341300E-03   0.000000000E+00   0.469083369E-01   0.378132401E-05   0.439271710E-01
  -0.100000000E-02   0.000000000E+00   0.776335498E-01   0.376441609E-05   0.437558230E-01
  -0.177827940E-02   0.000000000E+00   0.126926193E+00   0.374306230E-05   0.435782942E-01
  -0.316227770E-02   0.000000000E+00   0.201143328E+00   0.369747836E-05   0.433867744E-01
  -0.562341330E-02   0.000000000E+00   0.303038864E+00   0.356857275E-05   0.431705699E-01
  -0.100000000E-01   0.000000000E+00   0.427437997E+00   0.325901277E-05   0.428929311E-01
  -0.177827941E-01   0.000000000E+00   0.560253459E+00   0.256587182E-05   0.424663961E-01
  -0.316227766E-01   0.000000000E+00   0.685057601E+00   0.164452449E-05   0.418705753E-01
   0.891015021E-01   0.448906659E-01   0.570485343E+00   0.109766529E+00   0.136935256E+02
   0.891000561E-01   0.448983132E-01   0.646777718E+00   0.123905435E+00   0.140932750E+02
   0.890974847E-01   0.449119122E-01   0.688679312E+00   0.131576570E+00   0.137345576E+02
   0.890929120E-01   0.449360950E-01   0.765373728E+00   0.145889608E+00   0.156084651E+02
   0.890847806E-01   0.449790989E-01   0.811348316E+00   0.154507046E+00   0.169974695E+02
   0.890703206E-01   0.450555717E-01   0.873252771E+00   0.166163994E+00   0.194321456E+02
   0.890446066E-01   0.451915618E-01   0.943065210E+00   0.179508191E+00   0.229497798E+02
   0.889988801E-01   0.454333902E-01   0.888279270E+00   0.170085076E+00   0.117654907E+02
   0.889175656E-01   0.458634286E-01   0.105583427E+01   0.201785605E+00   0.164064257E+02
   0.887729656E-01   0.466281571E-01   0.115334735E+01   0.220488401E+00   0.463812224E+01
   0.885158264E-01   0.479880581E-01   0.115756897E+01   0.220977455E+00   0.456360364E-01
   0.880585610E-01   0.504063419E-01   0.115243753E+01   0.219214940E+00   0.454548873E-01
   0.872454155E-01   0.547067263E-01   0.114368480E+01   0.215780355E+00   0.457298741E-01
   0.857994156E-01   0.623540114E-01   0.112928589E+01   0.208894745E+00   0.455070277E-01
   0.832280237E-01   0.759530209E-01   0.110766144E+01   0.195157331E+00   0.451210855E-01
   0.325071708E+00   0.598882494E-01   0.322547061E+00  -0.389600698E-02   0.163600630E+01
   0.325071792E+00   0.598960318E-01   0.367313758E+00  -0.437605201E-02   0.173905220E+01
   0.325071942E+00   0.599098709E-01   0.408197376E+00  -0.476081712E-02   0.230364333E+01
   0.325072209E+00   0.599344808E-01   0.374533687E+00  -0.431301011E-02   0.323652029E+01
   0.325072682E+00   0.599782441E-01   0.533102164E+00  -0.584511113E-02   0.651140074E+01
   0.325073524E+00   0.600560675E-01   0.632041412E+00  -0.681530725E-02   0.137562171E+02
   0.325075022E+00   0.601944593E-01   0.709898212E+00  -0.757034398E-02   0.269442491E+02
   0.325077685E+00   0.604405584E-01   0.781531524E+00  -0.821086977E-02   0.487666515E+02
   0.325082421E+00   0.608781915E-01   0.854672734E+00  -0.875310501E-02   0.794353863E+02
   0.325090843E+00   0.616564253E-01   0.938367297E+00  -0.914628455E-02   0.101499946E+03
   0.325105819E+00   0.630403425E-01   0.105710340E+01  -0.920353021E-02   0.697263622E+02
   0.325132451E+00   0.655013340E-01   0.114787044E+01  -0.849790527E-02   0.315256750E+01
   0.325179810E+00   0.698776645E-01   0.114582288E+01  -0.747024578E-02   0.519371587E-01
   0.325264028E+00   0.776600029E-01   0.114220942E+01  -0.574073735E-02   0.519779941E-01
   0.325413790E+00   0.914991751E-01   0.113594057E+01  -0.297015844E-02   0.514308026E-01
   0.624904159E+00   0.435469831E-01   0.324070254E+00  -0.280492377E-01   0.140973438E+02
   0.624904827E+00   0.435547371E-01   0.314409118E+00  -0.272088768E-01   0.145320461E+02
   0.624906016E+00   0.435685260E-01   0.411551561E+00  -0.355261032E-01   0.151517748E+02
   0.624908129E+00   0.435930464E-01   0.479898231E+00  -0.413686944E-01   0.168377619E+02
   0.624911887E+00   0.436366506E-01   0.538425305E+00  -0.463718962E-01   0.204281469E+02
   0.624918571E+00   0.437141911E-01   0.585419175E+00  -0.503796737E-01   0.270579529E+02
   0.624930455E+00   0.438520796E-01   0.631858500E+00  -0.543279781E-01   0.388895622E+02
   0.624951590E+00   0.440972841E-01   0.626342867E+00  -0.538627727E-01   0.450120411E+02
   0.624989173E+00   0.445333261E-01   0.709290840E+00  -0.608292238E-01   0.811261565E+02
   0.625056006E+00   0.453087306E-01   0.776781786E+00  -0.663279375E-01   0.134694259E+03
   0.625174854E+00   0.466876165E-01   0.850278641E+00  -0.720349699E-01   0.184905036E+03
   0.625386199E+00   0.491396609E-01   0.953494511E+00  -0.795397450E-01   0.149386752E+03
   0.625762030E+00   0.535000809E-01   0.106788291E+01  -0.868280611E-01   0.133305514E+02
   0.626430362E+00   0.612541260E-01   0.106786850E+01  -0.848794102E-01   0.548344663E-01
   0.627618844E+00   0.750429849E-01   0.106584711E+01  -0.813356783E-01   0.541263222E-01
   0.883134812E+00   0.165667663E-01   0.260770052E+00  -0.317968391E-01   0.122276794E+02
   0.883135755E+00   0.165744917E-01   0.298643069E+00  -0.364069873E-01   0.124966714E+02
   0.883137432E+00   0.165882297E-01   0.328944183E+00  -0.400853827E-01   0.131742871E+02
   0.883140415E+00   0.166126596E-01   0.394748614E+00  -0.480895449E-01   0.145567780E+02
   0.883145719E+00   0.166561029E-01   0.445644218E+00  -0.542633254E-01   0.177816728E+02
   0.883155152E+00   0.167333571E-01   0.485929857E+00  -0.591262784E-01   0.238972203E+02
   0.883171925E+00   0.168707368E-01   0.524164360E+00  -0.637058648E-01   0.349498295E+02
   0.883201753E+00   0.171150362E-01   0.521943228E+00  -0.634279750E-01   0.416880377E+02
   0.883254794E+00   0.175494688E-01   0.594005254E+00  -0.719254989E-01   0.773323759E+02
   0.883349118E+00   0.183220113E-01   0.652147555E+00  -0.784794495E-01   0.135875909E+03
   0.883516851E+00   0.196958078E-01   0.713441630E+00  -0.849608640E-01   0.215250231E+03
   0.883815127E+00   0.221388018E-01   0.789263288E+00  -0.923430389E-01   0.264116134E+03
   0.884345545E+00   0.264831278E-01   0.907679176E+00  -0.103039121E+00   0.173107877E+03
   0.885288776E+00   0.342085533E-01   0.986087518E+00  -0.107468463E+00   0.218951942E+01
   0.886966106E+00   0.479465182E-01   0.986103300E+00  -0.101372413E+00   0.563294505E-01
   0.100893070E+01   0.997530000E-05   0.592381656E-01  -0.505451034E-03   0.142560204E+00
   0.100893125E+01   0.177389000E-04   0.621338536E-01  -0.895724642E-03   0.349741448E+00
   0.100893222E+01   0.315446000E-04   0.673649567E-01  -0.153628334E-02   0.829773244E+00
   0.100893395E+01   0.560952000E-04   0.868336191E-01  -0.426479930E-02   0.180506066E+01
   0.100893703E+01   0.997529000E-04   0.959026853E-01  -0.493201216E-02   0.369415202E+01
   0.100894249E+01   0.177388500E-03   0.173414050E+00  -0.150444084E-01   0.796987889E+01
   0.100895222E+01   0.315446300E-03   0.240228091E+00  -0.219363504E-01   0.167985258E+02
   0.100896951E+01   0.560951700E-03   0.301100914E+00  -0.267885147E-01   0.335693698E+02
   0.100900026E+01   0.997528900E-03   0.362313169E+00  -0.311040833E-01   0.644338035E+02
   0.100905494E+01   0.177388510E-02   0.429224439E+00  -0.353406482E-01   0.116932266E+03
   0.100915217E+01   0.315446340E-02   0.505006776E+00  -0.397317879E-01   0.198666138E+03
   0.100932509E+01   0.560951730E-02   0.593962656E+00  -0.446016502E-01   0.297866658E+03
   0.100963257E+01   0.997528900E-02   0.712411873E+00  -0.509352250E-01   0.306486364E+03
   0.101017937E+01   0.177388511E-01   0.883317898E+00  -0.591238673E-01   0.110408023E+03
   0.101115173E+01   0.315446337E-01   0.920505899E+00  -0.583426701E-01   0.128126531E+00
