 hih1=   8.000 Number of points =  165
   0.966728435E+00  -0.584443850E-02   0.240410404E+00   0.313670410E-01   0.259562068E+02
   0.966729474E+00  -0.585215160E-02   0.242383922E+00   0.316327544E-01   0.262576574E+02
   0.966731322E+00  -0.586586760E-02   0.257768860E+00   0.337174474E-01   0.265571628E+02
   0.966734608E+00  -0.589025860E-02   0.323842753E+00   0.425211066E-01   0.277547101E+02
   0.966740452E+00  -0.593363260E-02   0.374196604E+00   0.492140655E-01   0.304402881E+02
   0.966750843E+00  -0.601076380E-02   0.408159252E+00   0.536915174E-01   0.352420841E+02
   0.966769322E+00  -0.614792440E-02   0.442064485E+00   0.580044198E-01   0.459359000E+02
   0.966802182E+00  -0.639183440E-02   0.474957863E+00   0.620540318E-01   0.641120444E+02
   0.966860617E+00  -0.682557450E-02   0.466347329E+00   0.611600839E-01   0.716936706E+02
   0.966964531E+00  -0.759688550E-02   0.544624642E+00   0.703538682E-01   0.128288001E+03
   0.967149319E+00  -0.896849210E-02   0.608883956E+00   0.766443004E-01   0.214052090E+03
   0.967477924E+00  -0.114075918E-01   0.682947351E+00   0.824895140E-01   0.300791161E+03
   0.968062275E+00  -0.157449926E-01   0.791856703E+00   0.897318327E-01   0.262248986E+03
   0.969101414E+00  -0.234581031E-01   0.924384066E+00   0.957350304E-01   0.105022681E+03
   0.970949294E+00  -0.371741687E-01   0.942245223E+00   0.872889961E-01   0.652266639E+01
   0.765671056E+00  -0.299652641E-01   0.354207312E+00   0.375027367E-01   0.478464926E+02
   0.765671878E+00  -0.299730034E-01   0.368701631E+00   0.390628515E-01   0.480109798E+02
   0.765673339E+00  -0.299867660E-01   0.370719020E+00   0.392800827E-01   0.485999820E+02
   0.765675938E+00  -0.300112397E-01   0.374307789E+00   0.396665153E-01   0.496477702E+02
   0.765680560E+00  -0.300547608E-01   0.519098764E+00   0.548311126E-01   0.533420715E+02
   0.765688779E+00  -0.301321536E-01   0.558417927E+00   0.589618470E-01   0.587343156E+02
   0.765703394E+00  -0.302697796E-01   0.595965533E+00   0.628362331E-01   0.693440014E+02
   0.765729384E+00  -0.305145170E-01   0.638653028E+00   0.672669361E-01   0.894204635E+02
   0.765775602E+00  -0.309497285E-01   0.671556365E+00   0.705962137E-01   0.116195888E+03
   0.765857790E+00  -0.317236561E-01   0.675280493E+00   0.711107685E-01   0.127357664E+03
   0.766003943E+00  -0.330999157E-01   0.760811989E+00   0.795177459E-01   0.197528414E+03
   0.766263843E+00  -0.355472899E-01   0.850794038E+00   0.877729402E-01   0.231825154E+03
   0.766726019E+00  -0.398994049E-01   0.977065413E+00   0.983390339E-01   0.135968871E+03
   0.767547896E+00  -0.476386814E-01   0.102929880E+01   0.100716605E+00   0.120970398E+02
   0.769009425E+00  -0.614012775E-01   0.102795120E+01   0.965407765E-01   0.651203709E-01
   0.473497570E+00  -0.545438538E-01   0.412560601E+00   0.240924802E-01   0.332569008E+02
   0.473498013E+00  -0.545516239E-01   0.425315259E+00   0.248565872E-01   0.335037120E+02
   0.473498802E+00  -0.545654414E-01   0.428501987E+00   0.250466021E-01   0.341277830E+02
   0.473500204E+00  -0.545900128E-01   0.538175067E+00   0.310009333E-01   0.360414779E+02
   0.473502697E+00  -0.546337076E-01   0.598018814E+00   0.342633790E-01   0.397575093E+02
   0.473507131E+00  -0.547114091E-01   0.629126566E+00   0.359094532E-01   0.446718759E+02
   0.473515015E+00  -0.548495842E-01   0.688378229E+00   0.391490293E-01   0.579094382E+02
   0.473529036E+00  -0.550952980E-01   0.733406817E+00   0.415612654E-01   0.773147479E+02
   0.473553969E+00  -0.555322459E-01   0.719770965E+00   0.409179234E-01   0.781435482E+02
   0.473598308E+00  -0.563092613E-01   0.818909589E+00   0.460896363E-01   0.125002222E+03
   0.473677153E+00  -0.576910119E-01   0.914558123E+00   0.507316488E-01   0.149731896E+03
   0.473817363E+00  -0.601481504E-01   0.104172067E+01   0.561353132E-01   0.975784450E+02
   0.474066694E+00  -0.645176292E-01   0.110858368E+01   0.578899817E-01   0.150487915E+02
   0.474510076E+00  -0.722877835E-01   0.110700521E+01   0.559435792E-01   0.123930012E+00
   0.475298532E+00  -0.861052888E-01   0.110345065E+01   0.525696155E-01   0.605314330E-01
   0.192978671E+00  -0.569616902E-01   0.498860161E+00  -0.338909178E-01   0.265097360E+02
   0.192978181E+00  -0.569694576E-01   0.502020334E+00  -0.341192009E-01   0.268098318E+02
   0.192977310E+00  -0.569832701E-01   0.619771506E+00  -0.407926168E-01   0.284934036E+02
   0.192975762E+00  -0.570078327E-01   0.645394727E+00  -0.426314738E-01   0.294137686E+02
   0.192973008E+00  -0.570515119E-01   0.717896847E+00  -0.469384795E-01   0.331831449E+02
   0.192968111E+00  -0.571291856E-01   0.798312717E+00  -0.517106032E-01   0.422330475E+02
   0.192959403E+00  -0.572673112E-01   0.830829700E+00  -0.537651778E-01   0.456452648E+02
   0.192943918E+00  -0.575129371E-01   0.892730720E+00  -0.577603212E-01   0.552934532E+02
   0.192916381E+00  -0.579497287E-01   0.914538378E+00  -0.598494326E-01   0.483962286E+02
   0.192867413E+00  -0.587264660E-01   0.103879746E+01  -0.683806392E-01   0.552268755E+02
   0.192780334E+00  -0.601077221E-01   0.114154165E+01  -0.755975135E-01   0.265122084E+02
   0.192625482E+00  -0.625639813E-01   0.117092191E+01  -0.779161967E-01   0.313373000E+01
   0.192350113E+00  -0.669318966E-01   0.116801725E+01  -0.782738783E-01   0.678382885E-01
   0.191860430E+00  -0.746992703E-01   0.116129512E+01  -0.785462891E-01   0.571937168E-01
   0.190989636E+00  -0.885118310E-01   0.114955983E+01  -0.782983115E-01   0.564611185E-01
   0.227838417E-01  -0.250702561E-01   0.722044444E+00  -0.357539162E+00   0.387698312E+01
   0.227803329E-01  -0.250772031E-01   0.723106395E+00  -0.358142191E+00   0.387576892E+01
   0.227740934E-01  -0.250895568E-01   0.777388769E+00  -0.382919992E+00   0.520794242E+01
   0.227629978E-01  -0.251115251E-01   0.780744675E+00  -0.384827121E+00   0.520355312E+01
   0.227432667E-01  -0.251505908E-01   0.833236740E+00  -0.409398284E+00   0.564506993E+01
   0.227081793E-01  -0.252200607E-01   0.892811838E+00  -0.439368377E+00   0.561285422E+01
   0.226457840E-01  -0.253435975E-01   0.935831834E+00  -0.460676915E+00   0.395400564E+01
   0.225348279E-01  -0.255632805E-01   0.946317944E+00  -0.464430859E+00   0.122753692E+01
   0.223375169E-01  -0.259539383E-01   0.945047866E+00  -0.461610557E+00   0.148142711E+00
   0.219866427E-01  -0.266486369E-01   0.940742729E+00  -0.453824133E+00   0.452698029E-01
   0.213626905E-01  -0.278840051E-01   0.949159365E+00  -0.459422535E+00   0.355147624E+00
   0.202531290E-01  -0.300808351E-01   0.940406397E+00  -0.437036695E+00   0.463070553E-01
   0.182800187E-01  -0.339874125E-01   0.928794561E+00  -0.406435214E+00   0.495507658E-01
   0.147712773E-01  -0.409343987E-01   0.918453276E+00  -0.352162049E+00   0.490763820E-01
   0.853175460E-02  -0.532880813E-01   0.915770271E+00  -0.282602042E+00   0.483902899E-01
  -0.100000000E-04   0.000000000E+00   0.555750704E-01   0.368257829E-04   0.805556199E-03
  -0.177828000E-04   0.000000000E+00   0.557325716E-01   0.366652441E-04   0.828276287E-03
  -0.316228000E-04   0.000000000E+00   0.560126530E-01   0.363797613E-04   0.868678972E-03
  -0.562341000E-04   0.000000000E+00   0.538757920E-01   0.344540459E-04   0.932513280E-03
  -0.100000000E-03   0.000000000E+00   0.573740148E-01   0.350627911E-04   0.387072528E-02
  -0.177827900E-03   0.000000000E+00   0.649949367E-01   0.365459521E-04   0.466356331E-02
  -0.316227800E-03   0.000000000E+00   0.735333460E-01   0.362568047E-04   0.252350777E-02
  -0.562341300E-03   0.000000000E+00   0.894678853E-01   0.365896312E-04   0.626102458E-02
  -0.100000000E-02   0.000000000E+00   0.116179470E+00   0.363665794E-04   0.159145273E-01
  -0.177827940E-02   0.000000000E+00   0.159370876E+00   0.360805060E-04   0.268597887E-01
  -0.316227770E-02   0.000000000E+00   0.225229985E+00   0.352242545E-04   0.486889016E-01
  -0.562341330E-02   0.000000000E+00   0.317800990E+00   0.335663611E-04   0.483864040E-01
  -0.100000000E-01   0.000000000E+00   0.433486025E+00   0.303351453E-04   0.479747809E-01
  -0.177827941E-01   0.000000000E+00   0.561464858E+00   0.239896055E-04   0.473659001E-01
  -0.316227766E-01   0.000000000E+00   0.684470632E+00   0.154503236E-04   0.465188196E-01
   0.891015021E-01   0.448906659E-01   0.635291526E+00   0.126344628E+00   0.279397698E+01
   0.891000561E-01   0.448983132E-01   0.637405150E+00   0.126787481E+00   0.280898245E+01
   0.890974847E-01   0.449119122E-01   0.758635981E+00   0.148316713E+00   0.419272404E+01
   0.890929120E-01   0.449360950E-01   0.765328541E+00   0.149718951E+00   0.424023307E+01
   0.890847806E-01   0.449790989E-01   0.848069231E+00   0.165010284E+00   0.671459026E+01
   0.890703206E-01   0.450555717E-01   0.937054836E+00   0.181259556E+00   0.132009447E+02
   0.890446066E-01   0.451915618E-01   0.943030463E+00   0.181547138E+00   0.173003805E+02
   0.889988801E-01   0.454333902E-01   0.101651850E+01   0.195466759E+00   0.212875474E+02
   0.889175656E-01   0.458634286E-01   0.110376462E+01   0.211371774E+00   0.168346513E+02
   0.887729656E-01   0.466281571E-01   0.101293794E+01   0.195823797E+00   0.163406737E+02
   0.885158264E-01   0.479880581E-01   0.115277557E+01   0.221175661E+00   0.556334578E+01
   0.880585610E-01   0.504063419E-01   0.115044140E+01   0.219764880E+00   0.106501982E+00
   0.872454155E-01   0.547067263E-01   0.114260380E+01   0.216295753E+00   0.526083856E-01
   0.857994156E-01   0.623540114E-01   0.112824299E+01   0.209105584E+00   0.522686043E-01
   0.832280237E-01   0.759530209E-01   0.110647218E+01   0.194744946E+00   0.516598552E-01
   0.325071708E+00   0.598882494E-01   0.387892257E+00  -0.502823427E-02   0.803240124E+01
   0.325071792E+00   0.598960318E-01   0.416564817E+00  -0.547365954E-02   0.812764145E+01
   0.325071942E+00   0.599098709E-01   0.420992337E+00  -0.555135943E-02   0.870309401E+01
   0.325072209E+00   0.599344808E-01   0.492310997E+00  -0.586078531E-02   0.107992316E+02
   0.325072682E+00   0.599782441E-01   0.446903337E+00  -0.570797307E-02   0.123336980E+02
   0.325073524E+00   0.600560675E-01   0.605871749E+00  -0.676259198E-02   0.189582997E+02
   0.325075022E+00   0.601944593E-01   0.689477000E+00  -0.740784781E-02   0.322114793E+02
   0.325077685E+00   0.604405584E-01   0.760884047E+00  -0.794930018E-02   0.544551889E+02
   0.325082421E+00   0.608781915E-01   0.835101342E+00  -0.845686389E-02   0.870573038E+02
   0.325090843E+00   0.616564253E-01   0.918983433E+00  -0.882643813E-02   0.112784281E+03
   0.325105819E+00   0.630403425E-01   0.103648618E+01  -0.886453627E-02   0.889042523E+02
   0.325132451E+00   0.655013340E-01   0.114236472E+01  -0.800244585E-02   0.256617846E+02
   0.325179810E+00   0.698776645E-01   0.114583435E+01  -0.706131634E-02   0.144291407E+01
   0.325264028E+00   0.776600029E-01   0.114244713E+01  -0.534927236E-02   0.604383418E-01
   0.325413790E+00   0.914991751E-01   0.113607380E+01  -0.261035749E-02   0.590957520E-01
   0.624904159E+00   0.435469831E-01   0.418684052E+00  -0.363155783E-01   0.460150866E+02
   0.624904827E+00   0.435547371E-01   0.421089455E+00  -0.365272886E-01   0.463454091E+02
   0.624906016E+00   0.435685260E-01   0.392639518E+00  -0.340143229E-01   0.459544933E+02
   0.624908129E+00   0.435930464E-01   0.404767902E+00  -0.350823962E-01   0.469350724E+02
   0.624911887E+00   0.436366506E-01   0.553696459E+00  -0.476167597E-01   0.510156746E+02
   0.624918571E+00   0.437141911E-01   0.597986988E+00  -0.513836337E-01   0.566086278E+02
   0.624930455E+00   0.438520796E-01   0.640203897E+00  -0.548934328E-01   0.671381425E+02
   0.624951590E+00   0.440972841E-01   0.687416835E+00  -0.588617572E-01   0.876652244E+02
   0.624989173E+00   0.445333261E-01   0.728209479E+00  -0.622248421E-01   0.116483102E+03
   0.625056006E+00   0.453087306E-01   0.739373679E+00  -0.632140461E-01   0.124547264E+03
   0.625174854E+00   0.466876165E-01   0.827840771E+00  -0.701797123E-01   0.177605347E+03
   0.625386199E+00   0.491396609E-01   0.933918130E+00  -0.779603640E-01   0.170833253E+03
   0.625762030E+00   0.535000809E-01   0.105563768E+01  -0.857279667E-01   0.609431783E+02
   0.626430362E+00   0.612541260E-01   0.106827614E+01  -0.847250669E-01   0.187193229E+01
   0.627618844E+00   0.750429849E-01   0.106616835E+01  -0.811726204E-01   0.614483169E-01
   0.883134812E+00   0.165667663E-01   0.332360904E+00  -0.401673168E-01   0.410859680E+02
   0.883135755E+00   0.165744917E-01   0.334180262E+00  -0.403915901E-01   0.414040054E+02
   0.883137432E+00   0.165882297E-01   0.341314660E+00  -0.412712216E-01   0.419104249E+02
   0.883140415E+00   0.166126596E-01   0.422746369E+00  -0.511032307E-01   0.433100200E+02
   0.883145719E+00   0.166561029E-01   0.454445156E+00  -0.548726868E-01   0.460465330E+02
   0.883155152E+00   0.167333571E-01   0.495172253E+00  -0.597999907E-01   0.511198936E+02
   0.883171925E+00   0.168707368E-01   0.540365771E+00  -0.651998128E-01   0.626612045E+02
   0.883201753E+00   0.171150362E-01   0.572625423E+00  -0.689712453E-01   0.811396548E+02
   0.883254794E+00   0.175494688E-01   0.608265807E+00  -0.730837341E-01   0.111333881E+03
   0.883349118E+00   0.183220113E-01   0.621455094E+00  -0.747615254E-01   0.128843071E+03
   0.883516851E+00   0.196958078E-01   0.694065141E+00  -0.826130891E-01   0.208984837E+03
   0.883815127E+00   0.221388018E-01   0.774089130E+00  -0.905151895E-01   0.273416347E+03
   0.884345545E+00   0.264831278E-01   0.890478775E+00  -0.100993831E+00   0.203542559E+03
   0.885288776E+00   0.342085533E-01   0.984943473E+00  -0.106975840E+00   0.418028762E+02
   0.886966106E+00   0.479465182E-01   0.986438965E+00  -0.101069064E+00   0.258407499E+00
   0.100893070E+01   0.997530000E-05   0.106488192E+00  -0.286421945E-03   0.131148333E+01
   0.100893125E+01   0.177389000E-04   0.106633784E+00  -0.506669363E-03   0.134718830E+01
   0.100893222E+01   0.315446000E-04   0.108807679E+00  -0.856780306E-03   0.197258131E+01
   0.100893395E+01   0.560952000E-04   0.112927205E+00  -0.134172282E-02   0.330363881E+01
   0.100893703E+01   0.997529000E-04   0.120105328E+00  -0.229680067E-02   0.553205300E+01
   0.100894249E+01   0.177388500E-03   0.172942391E+00  -0.922927971E-02   0.104533854E+02
   0.100895222E+01   0.315446300E-03   0.157132179E+00  -0.641971504E-02   0.166363088E+02
   0.100896951E+01   0.560951700E-03   0.275554961E+00  -0.210593313E-01   0.336061799E+02
   0.100900026E+01   0.997528900E-03   0.349321911E+00  -0.278448764E-01   0.645646433E+02
   0.100905494E+01   0.177388510E-02   0.417851713E+00  -0.331189227E-01   0.117186302E+03
   0.100915217E+01   0.315446340E-02   0.491639365E+00  -0.385496888E-01   0.201859997E+03
   0.100932509E+01   0.560951730E-02   0.579298775E+00  -0.441469652E-01   0.303913991E+03
   0.100963257E+01   0.997528900E-02   0.696876217E+00  -0.503211663E-01   0.317400750E+03
   0.101017937E+01   0.177388511E-01   0.867354143E+00  -0.585097880E-01   0.180378887E+03
   0.101115173E+01   0.315446337E-01   0.921512143E+00  -0.584940792E-01   0.297019644E+02
