 hih1=   2.286 Number of points =  165
   0.966728435E+00  -0.584443850E-02   0.197264386E+00   0.264371115E-01   0.582366589E+01
   0.966729474E+00  -0.585215160E-02   0.213775368E+00   0.286466882E-01   0.621359799E+01
   0.966731322E+00  -0.586586760E-02   0.245485855E+00   0.329043668E-01   0.665120589E+01
   0.966734608E+00  -0.589025860E-02   0.310202400E+00   0.415728804E-01   0.801656053E+01
   0.966740452E+00  -0.593363260E-02   0.350444264E+00   0.469296198E-01   0.108254660E+02
   0.966750843E+00  -0.601076380E-02   0.392117223E+00   0.524177147E-01   0.167412095E+02
   0.966769322E+00  -0.614792440E-02   0.380024768E+00   0.507707750E-01   0.202090047E+02
   0.966802182E+00  -0.639183440E-02   0.456118707E+00   0.606169957E-01   0.394881445E+02
   0.966860617E+00  -0.682557450E-02   0.509749147E+00   0.670997407E-01   0.744416913E+02
   0.966964531E+00  -0.759688550E-02   0.563121879E+00   0.729561180E-01   0.132126438E+03
   0.967149319E+00  -0.896849210E-02   0.622724150E+00   0.786312934E-01   0.215188852E+03
   0.967477924E+00  -0.114075918E-01   0.696041788E+00   0.843856823E-01   0.293900294E+03
   0.968062275E+00  -0.157449926E-01   0.806101409E+00   0.917715087E-01   0.238695690E+03
   0.969101414E+00  -0.234581031E-01   0.935027989E+00   0.974359058E-01   0.296220118E+02
   0.970949294E+00  -0.371741687E-01   0.941425892E+00   0.876666890E-01   0.580917345E-01
   0.765671056E+00  -0.299652641E-01   0.278816023E+00   0.296402053E-01   0.124733462E+02
   0.765671878E+00  -0.299730034E-01   0.318386014E+00   0.338298920E-01   0.127489411E+02
   0.765673339E+00  -0.299867660E-01   0.361002566E+00   0.383421121E-01   0.133050153E+02
   0.765675938E+00  -0.300112397E-01   0.422307284E+00   0.448221364E-01   0.147214902E+02
   0.765680560E+00  -0.300547608E-01   0.491548501E+00   0.521376752E-01   0.182447119E+02
   0.765688779E+00  -0.301321536E-01   0.536139279E+00   0.568312916E-01   0.248748009E+02
   0.765703394E+00  -0.302697796E-01   0.579499103E+00   0.613788519E-01   0.365985346E+02
   0.765729384E+00  -0.305145170E-01   0.579474355E+00   0.613725654E-01   0.436588612E+02
   0.765775602E+00  -0.309497285E-01   0.653329746E+00   0.690274111E-01   0.800303514E+02
   0.765857790E+00  -0.317236561E-01   0.715374600E+00   0.752750168E-01   0.137695623E+03
   0.766003943E+00  -0.330999157E-01   0.781158700E+00   0.816085883E-01   0.208594018E+03
   0.766263843E+00  -0.355472899E-01   0.865999259E+00   0.892950250E-01   0.220245858E+03
   0.766726019E+00  -0.398994049E-01   0.994026065E+00   0.100037756E+00   0.102880884E+03
   0.767547896E+00  -0.476386814E-01   0.102881930E+01   0.100834702E+00   0.551077339E-01
   0.769009425E+00  -0.614012775E-01   0.102762608E+01   0.966802145E-01   0.542947458E-01
   0.473497570E+00  -0.545438538E-01   0.306098368E+00   0.176579222E-01   0.821178554E+01
   0.473498013E+00  -0.545516239E-01   0.359010737E+00   0.206471901E-01   0.850573584E+01
   0.473498802E+00  -0.545654414E-01   0.403794173E+00   0.231621420E-01   0.920252308E+01
   0.473500204E+00  -0.545900128E-01   0.505516544E+00   0.288864537E-01   0.111542502E+02
   0.473502697E+00  -0.546337076E-01   0.565131925E+00   0.322486393E-01   0.147240353E+02
   0.473507131E+00  -0.547114091E-01   0.620708571E+00   0.353655137E-01   0.219851220E+02
   0.473515015E+00  -0.548495842E-01   0.607205234E+00   0.346261108E-01   0.253938084E+02
   0.473529036E+00  -0.550952980E-01   0.702998879E+00   0.399549522E-01   0.473316854E+02
   0.473553969E+00  -0.555322459E-01   0.774604418E+00   0.438403054E-01   0.826450442E+02
   0.473598308E+00  -0.563092613E-01   0.846451124E+00   0.475649605E-01   0.127687964E+03
   0.473677153E+00  -0.576910119E-01   0.934128155E+00   0.517811351E-01   0.142162326E+03
   0.473817363E+00  -0.601481504E-01   0.106304402E+01   0.572929070E-01   0.765566955E+02
   0.474066694E+00  -0.645176292E-01   0.110855477E+01   0.581613392E-01   0.605239137E-01
   0.474510076E+00  -0.722877835E-01   0.110658491E+01   0.561772611E-01   0.529250587E-01
   0.475298532E+00  -0.861052888E-01   0.110313271E+01   0.528015259E-01   0.523037670E-01
   0.192978671E+00  -0.569616902E-01   0.440588722E+00  -0.284268676E-01   0.796986646E+01
   0.192978181E+00  -0.569694576E-01   0.486723197E+00  -0.311938306E-01   0.846848367E+01
   0.192977310E+00  -0.569832701E-01   0.539389883E+00  -0.344337344E-01   0.933827003E+01
   0.192975762E+00  -0.570078327E-01   0.612102379E+00  -0.389285692E-01   0.113015978E+02
   0.192973008E+00  -0.570515119E-01   0.692358126E+00  -0.439197317E-01   0.158831192E+02
   0.192968111E+00  -0.571291856E-01   0.746083327E+00  -0.473079687E-01   0.225988680E+02
   0.192959403E+00  -0.572673112E-01   0.753102184E+00  -0.478868327E-01   0.262955966E+02
   0.192943918E+00  -0.575129371E-01   0.853629431E+00  -0.543088839E-01   0.442468663E+02
   0.192916381E+00  -0.579497287E-01   0.947451351E+00  -0.605756393E-01   0.598853750E+02
   0.192867413E+00  -0.587264660E-01   0.106674053E+01  -0.690256289E-01   0.475016487E+02
   0.192780334E+00  -0.601077221E-01   0.117325140E+01  -0.771087646E-01   0.464717786E+01
   0.192625482E+00  -0.625639813E-01   0.117219285E+01  -0.774160789E-01   0.470853453E-01
   0.192350113E+00  -0.669318966E-01   0.116826751E+01  -0.777348514E-01   0.478829580E-01
   0.191860430E+00  -0.746992703E-01   0.116140510E+01  -0.780546999E-01   0.477997741E-01
   0.190989636E+00  -0.885118310E-01   0.114980199E+01  -0.779290068E-01   0.474737379E-01
   0.227838417E-01  -0.250702561E-01   0.637595704E+00  -0.323933265E+00   0.459578767E+00
   0.227803329E-01  -0.250772031E-01   0.681985043E+00  -0.345843399E+00   0.843452118E+00
   0.227740934E-01  -0.250895568E-01   0.721431326E+00  -0.365459169E+00   0.127892227E+01
   0.227629978E-01  -0.251115251E-01   0.761123699E+00  -0.384692574E+00   0.217665223E+01
   0.227432667E-01  -0.251505908E-01   0.819566019E+00  -0.413588467E+00   0.336649772E+01
   0.227081793E-01  -0.252200607E-01   0.884687380E+00  -0.445923052E+00   0.368693546E+01
   0.226457840E-01  -0.253435975E-01   0.955542394E+00  -0.481019245E+00   0.214802385E+01
   0.225348279E-01  -0.255632805E-01   0.968412466E+00  -0.486419314E+00   0.207044860E+00
   0.223375169E-01  -0.259539383E-01   0.965169926E+00  -0.485015798E+00   0.132589038E+01
   0.219866427E-01  -0.266486369E-01   0.965992055E+00  -0.480877755E+00   0.436581036E-01
   0.213626905E-01  -0.278840051E-01   0.958082032E+00  -0.468428929E+00   0.434756942E-01
   0.202531290E-01  -0.300808351E-01   0.946542037E+00  -0.447221606E+00   0.433261949E-01
   0.182800187E-01  -0.339874125E-01   0.931869007E+00  -0.410838051E+00   0.432173650E-01
   0.147712773E-01  -0.409343987E-01   0.919204150E+00  -0.354996386E+00   0.429027897E-01
   0.853175460E-02  -0.532880813E-01   0.917658635E+00  -0.281695048E+00   0.424557311E-01
  -0.100000000E-04   0.000000000E+00   0.269563778E-02   0.186284566E-05   0.731598498E-06
  -0.177828000E-04   0.000000000E+00   0.330856272E-02   0.218587508E-05   0.968125072E-06
  -0.316228000E-04   0.000000000E+00   0.447636566E-02   0.238125671E-05   0.725811743E-05
  -0.562341000E-04   0.000000000E+00   0.653823189E-02   0.270201571E-05   0.268778063E-04
  -0.100000000E-03   0.000000000E+00   0.101113915E-01   0.278525425E-05   0.265823086E-03
  -0.177827900E-03   0.000000000E+00   0.162923936E-01   0.278636519E-05   0.905766424E-02
  -0.316227800E-03   0.000000000E+00   0.270435560E-01   0.277611794E-05   0.433988506E-01
  -0.562341300E-03   0.000000000E+00   0.454845608E-01   0.276008890E-05   0.433305865E-01
  -0.100000000E-02   0.000000000E+00   0.763403196E-01   0.273890806E-05   0.431640448E-01
  -0.177827940E-02   0.000000000E+00   0.125863505E+00   0.271712025E-05   0.429912778E-01
  -0.316227770E-02   0.000000000E+00   0.200402850E+00   0.268578797E-05   0.428054619E-01
  -0.562341330E-02   0.000000000E+00   0.302610884E+00   0.259932771E-05   0.425960901E-01
  -0.100000000E-01   0.000000000E+00   0.427232966E+00   0.237704086E-05   0.423280945E-01
  -0.177827941E-01   0.000000000E+00   0.560262543E+00   0.187658187E-05   0.419151795E-01
  -0.316227766E-01   0.000000000E+00   0.685148500E+00   0.120589567E-05   0.413382008E-01
   0.891015021E-01   0.448906659E-01   0.529062146E+00   0.101610980E+00   0.129590184E+02
   0.891000561E-01   0.448983132E-01   0.602865662E+00   0.115354109E+00   0.132913502E+02
   0.890974847E-01   0.449119122E-01   0.665153138E+00   0.126991120E+00   0.140455450E+02
   0.890929120E-01   0.449360950E-01   0.730588592E+00   0.139145667E+00   0.149274336E+02
   0.890847806E-01   0.449790989E-01   0.808120524E+00   0.153639042E+00   0.179596120E+02
   0.890703206E-01   0.450555717E-01   0.863304239E+00   0.164078583E+00   0.210607085E+02
   0.890446066E-01   0.451915618E-01   0.933032490E+00   0.177404098E+00   0.246684911E+02
   0.889988801E-01   0.454333902E-01   0.921591760E+00   0.175967405E+00   0.158810676E+02
   0.889175656E-01   0.458634286E-01   0.106664212E+01   0.203775689E+00   0.165550992E+02
   0.887729656E-01   0.466281571E-01   0.115573415E+01   0.220952278E+00   0.351360147E+01
   0.885158264E-01   0.479880581E-01   0.115756225E+01   0.220971542E+00   0.449273278E-01
   0.880585610E-01   0.504063419E-01   0.115242464E+01   0.219210572E+00   0.447785932E-01
   0.872454155E-01   0.547067263E-01   0.114366639E+01   0.215781300E+00   0.450493836E-01
   0.857994156E-01   0.623540114E-01   0.112928740E+01   0.208906766E+00   0.448318522E-01
   0.832280237E-01   0.759530209E-01   0.110762934E+01   0.195174502E+00   0.444598757E-01
   0.325071708E+00   0.598882494E-01   0.325669550E+00  -0.388779932E-02   0.132910959E+01
   0.325071792E+00   0.598960318E-01   0.339719239E+00  -0.400725084E-02   0.156628547E+01
   0.325071942E+00   0.599098709E-01   0.380328123E+00  -0.439818415E-02   0.201127729E+01
   0.325072209E+00   0.599344808E-01   0.393646729E+00  -0.443407724E-02   0.292192414E+01
   0.325072682E+00   0.599782441E-01   0.535426959E+00  -0.584014509E-02   0.641018160E+01
   0.325073524E+00   0.600560675E-01   0.631370796E+00  -0.679846518E-02   0.137182755E+02
   0.325075022E+00   0.601944593E-01   0.708058226E+00  -0.754778782E-02   0.269570729E+02
   0.325077685E+00   0.604405584E-01   0.780056529E+00  -0.819545051E-02   0.488714081E+02
   0.325082421E+00   0.608781915E-01   0.853331126E+00  -0.874079679E-02   0.797136646E+02
   0.325090843E+00   0.616564253E-01   0.937057443E+00  -0.913548752E-02   0.102089096E+03
   0.325105819E+00   0.630403425E-01   0.105576120E+01  -0.919455370E-02   0.701549863E+02
   0.325132451E+00   0.655013340E-01   0.114782320E+01  -0.848792171E-02   0.235278148E+01
   0.325179810E+00   0.698776645E-01   0.114577877E+01  -0.745959539E-02   0.510737017E-01
   0.325264028E+00   0.776600029E-01   0.114217828E+01  -0.573018954E-02   0.511381458E-01
   0.325413790E+00   0.914991751E-01   0.113592547E+01  -0.295932812E-02   0.506259690E-01
   0.624904159E+00   0.435469831E-01   0.300531467E+00  -0.259965946E-01   0.119873071E+02
   0.624904827E+00   0.435547371E-01   0.345476271E+00  -0.298522023E-01   0.122784148E+02
   0.624906016E+00   0.435685260E-01   0.393432608E+00  -0.339665683E-01   0.128689496E+02
   0.624908129E+00   0.435930464E-01   0.460490903E+00  -0.397062907E-01   0.143786199E+02
   0.624911887E+00   0.436366506E-01   0.529283853E+00  -0.455880227E-01   0.181349496E+02
   0.624918571E+00   0.437141911E-01   0.581155336E+00  -0.500178213E-01   0.250418984E+02
   0.624930455E+00   0.438520796E-01   0.357797329E+00  -0.309150102E-01   0.259097563E+02
   0.624951590E+00   0.440972841E-01   0.634070196E+00  -0.545157627E-01   0.453944682E+02
   0.624989173E+00   0.445333261E-01   0.709702999E+00  -0.608602342E-01   0.818816599E+02
   0.625056006E+00   0.453087306E-01   0.775708071E+00  -0.662330158E-01   0.135523207E+03
   0.625174854E+00   0.466876165E-01   0.849190051E+00  -0.719412464E-01   0.187085703E+03
   0.625386199E+00   0.491396609E-01   0.952237496E+00  -0.794316401E-01   0.150810469E+03
   0.625762030E+00   0.535000809E-01   0.106842675E+01  -0.868499898E-01   0.105639670E+02
   0.626430362E+00   0.612541260E-01   0.106783948E+01  -0.848594717E-01   0.540167507E-01
   0.627618844E+00   0.750429849E-01   0.106583453E+01  -0.813174697E-01   0.533430095E-01
   0.883134812E+00   0.165667663E-01   0.254753317E+00  -0.310750449E-01   0.101858235E+02
   0.883135755E+00   0.165744917E-01   0.276214816E+00  -0.336800501E-01   0.106008314E+02
   0.883137432E+00   0.165882297E-01   0.314289892E+00  -0.383174086E-01   0.111082131E+02
   0.883140415E+00   0.166126596E-01   0.389882127E+00  -0.475088887E-01   0.126853679E+02
   0.883145719E+00   0.166561029E-01   0.436820619E+00  -0.532078118E-01   0.156985212E+02
   0.883155152E+00   0.167333571E-01   0.479631157E+00  -0.583777789E-01   0.220270022E+02
   0.883171925E+00   0.168707368E-01   0.321206123E+00  -0.391194115E-01   0.233168412E+02
   0.883201753E+00   0.171150362E-01   0.528587356E+00  -0.642339587E-01   0.418693000E+02
   0.883254794E+00   0.175494688E-01   0.594249974E+00  -0.719534885E-01   0.778613241E+02
   0.883349118E+00   0.183220113E-01   0.651093177E+00  -0.783495281E-01   0.136599900E+03
   0.883516851E+00   0.196958078E-01   0.712303897E+00  -0.848213693E-01   0.216580188E+03
   0.883815127E+00   0.221388018E-01   0.788022551E+00  -0.921915599E-01   0.266612148E+03
   0.884345545E+00   0.264831278E-01   0.906439758E+00  -0.102885820E+00   0.174736146E+03
   0.885288776E+00   0.342085533E-01   0.986060842E+00  -0.107435711E+00   0.108254910E+01
   0.886966106E+00   0.479465182E-01   0.986100000E+00  -0.101344481E+00   0.555546234E-01
   0.100893070E+01   0.997530000E-05   0.540511020E-01  -0.549166949E-03   0.104564436E+00
   0.100893125E+01   0.177389000E-04   0.570907248E-01  -0.979049863E-03   0.270038320E+00
   0.100893222E+01   0.315446000E-04   0.627372803E-01  -0.169621639E-02   0.681910148E+00
   0.100893395E+01   0.560952000E-04   0.814799738E-01  -0.425521561E-02   0.168831895E+01
   0.100893703E+01   0.997529000E-04   0.102821912E+00  -0.675562594E-02   0.356545601E+01
   0.100894249E+01   0.177388500E-03   0.177474311E+00  -0.162035099E-01   0.800651464E+01
   0.100895222E+01   0.315446300E-03   0.241444895E+00  -0.224683390E-01   0.165882533E+02
   0.100896951E+01   0.560951700E-03   0.300804799E+00  -0.270420550E-01   0.337386775E+02
   0.100900026E+01   0.997528900E-03   0.361692832E+00  -0.312012107E-01   0.645937134E+02
   0.100905494E+01   0.177388510E-02   0.428521379E+00  -0.353021682E-01   0.117281985E+03
   0.100915217E+01   0.315446340E-02   0.504136176E+00  -0.396208865E-01   0.199508619E+03
   0.100932509E+01   0.560951730E-02   0.592949048E+00  -0.445203452E-01   0.299834091E+03
   0.100963257E+01   0.997528900E-02   0.711184511E+00  -0.508667121E-01   0.311146577E+03
   0.101017937E+01   0.177388511E-01   0.882861647E+00  -0.590973795E-01   0.108784945E+03
   0.101115173E+01   0.315446337E-01   0.920568723E+00  -0.583451003E-01   0.725849685E-01
