 hih1=   2.909 Number of points =  130
   0.100000000E+00   0.100000000E-04   0.171529263E+00   0.130676922E-05   0.264911010E-01
   0.100000000E+00   0.177828000E-04   0.293017201E+00   0.398678307E-05   0.230441585E+00
   0.100000000E+00   0.316228000E-04   0.432886107E+00   0.105742965E-04   0.166332777E+01
   0.100000000E+00   0.562341000E-04   0.525219065E+00   0.231616667E-04   0.663295848E+01
   0.100000000E+00   0.100000000E-03   0.591854000E+00   0.480689032E-04   0.147948787E+02
   0.100000000E+00   0.177827900E-03   0.655112290E+00   0.999093252E-04   0.257371988E+02
   0.100000000E+00   0.316227800E-03   0.723085961E+00   0.213436213E-03   0.393479501E+02
   0.100000000E+00   0.562341300E-03   0.802657570E+00   0.472173969E-03   0.526825279E+02
   0.100000000E+00   0.100000000E-02   0.897818801E+00   0.107251835E-02   0.546407100E+02
   0.100000000E+00   0.177827940E-02   0.991189239E+00   0.216978850E-02   0.190491059E+02
   0.100000000E+00   0.316227770E-02   0.100026931E+01   0.226652388E-02   0.968766311E-02
   0.100000000E+00   0.562341330E-02   0.100025996E+01   0.225228360E-02   0.979306724E-02
   0.100000000E+00   0.100000000E-01   0.100024409E+01   0.222614920E-02   0.988366784E-02
   0.200000000E+00   0.100000000E-04   0.154524286E+00   0.581514377E-06   0.215700674E-01
   0.200000000E+00   0.177828000E-04   0.265700150E+00   0.178343344E-05   0.189343825E+00
   0.200000000E+00   0.316228000E-04   0.399961222E+00   0.481215817E-05   0.142260320E+01
   0.200000000E+00   0.562341000E-04   0.490513740E+00   0.105240787E-04   0.616943546E+01
   0.200000000E+00   0.100000000E-03   0.553153816E+00   0.213394409E-04   0.145494070E+02
   0.200000000E+00   0.177827900E-03   0.610199997E+00   0.427934400E-04   0.267127906E+02
   0.200000000E+00   0.316227800E-03   0.668480914E+00   0.869514975E-04   0.444287282E+02
   0.200000000E+00   0.562341300E-03   0.732833600E+00   0.181850514E-03   0.678908564E+02
   0.200000000E+00   0.100000000E-02   0.807132626E+00   0.397856488E-03   0.915291696E+02
   0.200000000E+00   0.177827940E-02   0.896596633E+00   0.897040687E-03   0.979591724E+02
   0.200000000E+00   0.316227770E-02   0.986774594E+00   0.184541623E-02   0.421644910E+02
   0.200000000E+00   0.562341330E-02   0.100060333E+01   0.201291621E-02   0.996304931E-02
   0.200000000E+00   0.100000000E-01   0.100059537E+01   0.200435659E-02   0.984269430E-02
   0.300000000E+00   0.100000000E-04   0.145490080E+00   0.359881788E-06   0.191527775E-01
   0.300000000E+00   0.177828000E-04   0.251003840E+00   0.110662117E-05   0.168861673E+00
   0.300000000E+00   0.316228000E-04   0.381918210E+00   0.301717335E-05   0.129171831E+01
   0.300000000E+00   0.562341000E-04   0.471892393E+00   0.663050655E-05   0.585415612E+01
   0.300000000E+00   0.100000000E-03   0.532959488E+00   0.133745835E-04   0.141919452E+02
   0.300000000E+00   0.177827900E-03   0.587594040E+00   0.265399339E-04   0.265796392E+02
   0.300000000E+00   0.316227800E-03   0.642314976E+00   0.529320143E-04   0.456391434E+02
   0.300000000E+00   0.562341300E-03   0.700964848E+00   0.107628969E-03   0.734692445E+02
   0.300000000E+00   0.100000000E-02   0.766294095E+00   0.227715884E-03   0.107653963E+03
   0.300000000E+00   0.177827940E-02   0.843576798E+00   0.502584133E-03   0.136282153E+03
   0.300000000E+00   0.316227770E-02   0.934629281E+00   0.112548353E-02   0.122618606E+03
   0.300000000E+00   0.562341330E-02   0.100014290E+01   0.188369416E-02   0.720787064E+01
   0.300000000E+00   0.100000000E-01   0.100072558E+01   0.188035841E-02   0.980479497E-02
   0.400000000E+00   0.100000000E-04   0.139476166E+00   0.255498508E-06   0.176207307E-01
   0.400000000E+00   0.177828000E-04   0.241149932E+00   0.786995949E-06   0.155796306E+00
   0.400000000E+00   0.316228000E-04   0.369648364E+00   0.216125371E-05   0.120504730E+01
   0.400000000E+00   0.562341000E-04   0.459310911E+00   0.477243313E-05   0.562631292E+01
   0.400000000E+00   0.100000000E-03   0.519455660E+00   0.961095278E-05   0.138941267E+02
   0.400000000E+00   0.177827900E-03   0.572686418E+00   0.189858755E-04   0.263008167E+02
   0.400000000E+00   0.316227800E-03   0.625467731E+00   0.375324527E-04   0.458880311E+02
   0.400000000E+00   0.562341300E-03   0.681107172E+00   0.751393241E-04   0.760066940E+02
   0.400000000E+00   0.100000000E-02   0.741578772E+00   0.155443042E-03   0.116569963E+03
   0.400000000E+00   0.177827940E-02   0.811496180E+00   0.335530798E-03   0.159368511E+03
   0.400000000E+00   0.316227770E-02   0.894762051E+00   0.752247816E-03   0.174607263E+03
   0.400000000E+00   0.562341330E-02   0.984144640E+00   0.159658492E-02   0.894953478E+02
   0.400000000E+00   0.100000000E-01   0.100078445E+01   0.179532448E-02   0.115108098E-01
   0.500000000E+00   0.100000000E-04   0.135037112E+00   0.195507892E-06   0.165297561E-01
   0.500000000E+00   0.177828000E-04   0.233840264E+00   0.602965421E-06   0.146454328E+00
   0.500000000E+00   0.316228000E-04   0.360446244E+00   0.166486943E-05   0.114165369E+01
   0.500000000E+00   0.562341000E-04   0.449900908E+00   0.369196090E-05   0.545068088E+01
   0.500000000E+00   0.100000000E-03   0.509411019E+00   0.743151531E-05   0.136500300E+02
   0.500000000E+00   0.177827900E-03   0.561674839E+00   0.146464924E-04   0.260182520E+02
   0.500000000E+00   0.316227800E-03   0.613186869E+00   0.288129505E-04   0.458194257E+02
   0.500000000E+00   0.562341300E-03   0.666940858E+00   0.571442588E-04   0.772430152E+02
   0.500000000E+00   0.100000000E-02   0.724371052E+00   0.116409597E-03   0.122037620E+03
   0.500000000E+00   0.177827940E-02   0.789489905E+00   0.246773815E-03   0.174852044E+03
   0.500000000E+00   0.316227770E-02   0.866374124E+00   0.547195649E-03   0.211116851E+03
   0.500000000E+00   0.562341330E-02   0.956072074E+00   0.120470796E-02   0.166603924E+03
   0.500000000E+00   0.100000000E-01   0.100072173E+01   0.172979771E-02   0.254080495E+01
   0.600000000E+00   0.100000000E-04   0.131558445E+00   0.156406412E-06   0.156984796E-01
   0.600000000E+00   0.177828000E-04   0.228090711E+00   0.482849639E-06   0.139315001E+00
   0.600000000E+00   0.316228000E-04   0.353144026E+00   0.133897102E-05   0.109243564E+01
   0.600000000E+00   0.562341000E-04   0.442443256E+00   0.298030093E-05   0.530918411E+01
   0.600000000E+00   0.100000000E-03   0.501477702E+00   0.599894180E-05   0.134464704E+02
   0.600000000E+00   0.177827900E-03   0.553012939E+00   0.118073989E-04   0.257593982E+02
   0.600000000E+00   0.316227800E-03   0.603603242E+00   0.231591904E-04   0.456362654E+02
   0.600000000E+00   0.562341300E-03   0.656045522E+00   0.456552044E-04   0.778433893E+02
   0.600000000E+00   0.100000000E-02   0.711387261E+00   0.920034606E-04   0.125596030E+03
   0.600000000E+00   0.177827940E-02   0.773144766E+00   0.192292563E-03   0.185926241E+03
   0.600000000E+00   0.316227770E-02   0.845172056E+00   0.421339221E-03   0.238396778E+03
   0.600000000E+00   0.562341330E-02   0.931220515E+00   0.940118135E-03   0.226180692E+03
   0.600000000E+00   0.100000000E-01   0.998633028E+00   0.166031628E-02   0.331779840E+02
   0.700000000E+00   0.100000000E-04   0.128737072E+00   0.128321386E-06   0.150395796E-01
   0.700000000E+00   0.177828000E-04   0.223413692E+00   0.396477947E-06   0.133642689E+00
   0.700000000E+00   0.316228000E-04   0.347160088E+00   0.110336860E-05   0.105285798E+01
   0.700000000E+00   0.562341000E-04   0.436335612E+00   0.246388181E-05   0.519209289E+01
   0.700000000E+00   0.100000000E-03   0.494996055E+00   0.496038536E-05   0.132741439E+02
   0.700000000E+00   0.177827900E-03   0.545954064E+00   0.975552433E-05   0.255285115E+02
   0.700000000E+00   0.316227800E-03   0.595832995E+00   0.190992547E-04   0.454144079E+02
   0.700000000E+00   0.562341300E-03   0.647300058E+00   0.375037139E-04   0.781053247E+02
   0.700000000E+00   0.100000000E-02   0.701118086E+00   0.750074714E-04   0.127992845E+03
   0.700000000E+00   0.177827940E-02   0.760396805E+00   0.155104365E-03   0.194170196E+03
   0.700000000E+00   0.316227770E-02   0.828683555E+00   0.336380742E-03   0.259622614E+03
   0.700000000E+00   0.562341330E-02   0.910688995E+00   0.751493532E-03   0.273760703E+03
   0.700000000E+00   0.100000000E-01   0.990897184E+00   0.151925967E-02   0.101367122E+03
   0.800000000E+00   0.100000000E-04   0.126412468E+00   0.105471465E-06   0.145068533E-01
   0.800000000E+00   0.177828000E-04   0.219550597E+00   0.326145408E-06   0.129046948E+00
   0.800000000E+00   0.316228000E-04   0.342186585E+00   0.910429047E-06   0.102047726E+01
   0.800000000E+00   0.562341000E-04   0.431260755E+00   0.203882564E-05   0.509400777E+01
   0.800000000E+00   0.100000000E-03   0.489619896E+00   0.410570672E-05   0.131273362E+02
   0.800000000E+00   0.177827900E-03   0.540108403E+00   0.807117777E-05   0.253252299E+02
   0.800000000E+00   0.316227800E-03   0.589418577E+00   0.157858037E-04   0.451872834E+02
   0.800000000E+00   0.562341300E-03   0.640128336E+00   0.309276326E-04   0.781815323E+02
   0.800000000E+00   0.100000000E-02   0.692785289E+00   0.615705645E-04   0.129647460E+03
   0.800000000E+00   0.177827940E-02   0.750163268E+00   0.126454787E-03   0.200490100E+03
   0.800000000E+00   0.316227770E-02   0.815499618E+00   0.272439733E-03   0.276640208E+03
   0.800000000E+00   0.562341330E-02   0.893817331E+00   0.608900565E-03   0.312814932E+03
   0.800000000E+00   0.100000000E-01   0.978471837E+00   0.130738437E-02   0.180710751E+03
   0.900000000E+00   0.100000000E-04   0.124552956E+00   0.786226379E-07   0.140867258E-01
   0.900000000E+00   0.177828000E-04   0.216452661E+00   0.243559839E-06   0.125412478E+00
   0.900000000E+00   0.316228000E-04   0.338176239E+00   0.682359061E-06   0.994619099E+00
   0.900000000E+00   0.562341000E-04   0.427170446E+00   0.153187988E-05   0.501389130E+01
   0.900000000E+00   0.100000000E-03   0.485292105E+00   0.308513179E-05   0.130054362E+02
   0.900000000E+00   0.177827900E-03   0.535404263E+00   0.606656904E-05   0.251520616E+02
   0.900000000E+00   0.316227800E-03   0.584260306E+00   0.118788713E-04   0.449755841E+02
   0.900000000E+00   0.562341300E-03   0.634373223E+00   0.233207382E-04   0.781605773E+02
   0.900000000E+00   0.100000000E-02   0.686122808E+00   0.465760315E-04   0.130813475E+03
   0.900000000E+00   0.177827940E-02   0.742001863E+00   0.961683892E-04   0.205440867E+03
   0.900000000E+00   0.316227770E-02   0.804955228E+00   0.209133732E-03   0.290576113E+03
   0.900000000E+00   0.562341330E-02   0.880044310E+00   0.474525721E-03   0.345501053E+03
   0.900000000E+00   0.100000000E-01   0.964917970E+00   0.105901670E-02   0.250340648E+03
   0.100000000E+01   0.100000000E-04   0.195993508E+00  -0.749630694E-02   0.153760270E+01
   0.100000000E+01   0.177828000E-04   0.270930507E+00  -0.102937305E-01   0.177498200E+01
   0.100000000E+01   0.316228000E-04   0.369385371E+00  -0.117648455E-01   0.262286578E+01
   0.100000000E+01   0.562341000E-04   0.445467544E+00  -0.112644818E-01   0.623019910E+01
   0.100000000E+01   0.100000000E-03   0.496796905E+00  -0.101769635E-01   0.140177104E+02
   0.100000000E+01   0.177827900E-03   0.543085313E+00  -0.868605616E-02   0.259190166E+02
   0.100000000E+01   0.316227800E-03   0.589117295E+00  -0.695233429E-02   0.455785533E+02
   0.100000000E+01   0.562341300E-03   0.636789976E+00  -0.536396538E-02   0.788894156E+02
   0.100000000E+01   0.100000000E-02   0.686256469E+00  -0.412641044E-02   0.132552745E+03
   0.100000000E+01   0.177827940E-02   0.739672006E+00  -0.320792246E-02   0.210325772E+03
   0.100000000E+01   0.316227770E-02   0.799638914E+00  -0.250370557E-02   0.302868450E+03
   0.100000000E+01   0.562341330E-02   0.871043246E+00  -0.185652666E-02   0.373339500E+03
   0.100000000E+01   0.100000000E-01   0.953855033E+00  -0.105791959E-02   0.309140283E+03
