 hih1=   1.000 Number of points =  130
   0.100000000E+00   0.316230000E-05   0.305021186E+00   0.666438366E-06   0.126235626E+01
   0.100000000E+00   0.562340000E-05   0.392117603E+00   0.153274055E-05   0.396948843E+01
   0.100000000E+00   0.100000000E-04   0.463042628E+00   0.323563153E-05   0.946561724E+01
   0.100000000E+00   0.177828000E-04   0.524782416E+00   0.654815303E-05   0.197453314E+02
   0.100000000E+00   0.316228000E-04   0.581403327E+00   0.129564206E-04   0.383164396E+02
   0.100000000E+00   0.562341000E-04   0.635218807E+00   0.253476948E-04   0.709306756E+02
   0.100000000E+00   0.100000000E-03   0.687989633E+00   0.494372946E-04   0.126139745E+03
   0.100000000E+00   0.177827900E-03   0.741273504E+00   0.970667352E-04   0.213151878E+03
   0.100000000E+00   0.316227800E-03   0.797481519E+00   0.195005642E-03   0.327863997E+03
   0.100000000E+00   0.562341300E-03   0.862309125E+00   0.416494898E-03   0.390917382E+03
   0.100000000E+00   0.100000000E-02   0.955554205E+00   0.104177599E-02   0.216175054E+03
   0.100000000E+00   0.177827940E-02   0.100012984E+01   0.149489096E-02   0.575329270E-01
   0.100000000E+00   0.316227770E-02   0.100012672E+01   0.148952793E-02   0.575257768E-01
   0.200000000E+00   0.316230000E-05   0.283360859E+00   0.298419544E-06   0.113934931E+01
   0.200000000E+00   0.562340000E-05   0.367685463E+00   0.693117602E-06   0.366772360E+01
   0.200000000E+00   0.100000000E-04   0.436213517E+00   0.146920267E-05   0.890053998E+01
   0.200000000E+00   0.177828000E-04   0.495555110E+00   0.297727083E-05   0.187339671E+02
   0.200000000E+00   0.316228000E-04   0.549705768E+00   0.588678199E-05   0.366473395E+02
   0.200000000E+00   0.562341000E-04   0.600863964E+00   0.114804656E-04   0.685846086E+02
   0.200000000E+00   0.100000000E-03   0.650556214E+00   0.222312421E-04   0.124369154E+03
   0.200000000E+00   0.177827900E-03   0.699838433E+00   0.430076710E-04   0.218772141E+03
   0.200000000E+00   0.316227800E-03   0.749899021E+00   0.837879067E-04   0.368531757E+03
   0.200000000E+00   0.562341300E-03   0.802658291E+00   0.166797417E-03   0.570596513E+03
   0.200000000E+00   0.100000000E-02   0.862881281E+00   0.350548769E-03   0.706563205E+03
   0.200000000E+00   0.177827940E-02   0.948429081E+00   0.862663124E-03   0.414978923E+03
   0.200000000E+00   0.316227770E-02   0.100035939E+01   0.134776047E-02   0.563024759E-01
   0.300000000E+00   0.316230000E-05   0.271623842E+00   0.187147158E-06   0.107089684E+01
   0.300000000E+00   0.562340000E-05   0.354412569E+00   0.436120864E-06   0.350163242E+01
   0.300000000E+00   0.100000000E-04   0.421644771E+00   0.926186775E-06   0.858622929E+01
   0.300000000E+00   0.177828000E-04   0.479694673E+00   0.187849553E-05   0.181597077E+02
   0.300000000E+00   0.316228000E-04   0.532538429E+00   0.371488702E-05   0.356535871E+02
   0.300000000E+00   0.562341000E-04   0.582338620E+00   0.724028788E-05   0.669961460E+02
   0.300000000E+00   0.100000000E-03   0.630551906E+00   0.139937562E-04   0.122264941E+03
   0.300000000E+00   0.177827900E-03   0.678097428E+00   0.269568710E-04   0.217691984E+03
   0.300000000E+00   0.316227800E-03   0.725860199E+00   0.520514013E-04   0.376153121E+03
   0.300000000E+00   0.562341300E-03   0.775015817E+00   0.101681661E-03   0.617256040E+03
   0.300000000E+00   0.100000000E-02   0.828038715E+00   0.204621211E-03   0.906092006E+03
   0.300000000E+00   0.177827940E-02   0.892178811E+00   0.446768487E-03   0.939838800E+03
   0.300000000E+00   0.316227770E-02   0.983476706E+00   0.110069727E-02   0.297646819E+03
   0.400000000E+00   0.316230000E-05   0.263679830E+00   0.134246798E-06   0.102499088E+01
   0.400000000E+00   0.562340000E-05   0.345404171E+00   0.314164813E-06   0.338923059E+01
   0.400000000E+00   0.100000000E-04   0.411753620E+00   0.668683986E-06   0.837161118E+01
   0.400000000E+00   0.177828000E-04   0.468929038E+00   0.135763002E-05   0.177641391E+02
   0.400000000E+00   0.316228000E-04   0.520894993E+00   0.268573507E-05   0.349569991E+02
   0.400000000E+00   0.562341000E-04   0.569796006E+00   0.523318593E-05   0.658363043E+02
   0.400000000E+00   0.100000000E-03   0.617054887E+00   0.101046364E-04   0.120538038E+03
   0.400000000E+00   0.177827900E-03   0.663528158E+00   0.194229172E-04   0.215874507E+03
   0.400000000E+00   0.316227800E-03   0.709967940E+00   0.373395902E-04   0.377437971E+03
   0.400000000E+00   0.562341300E-03   0.757244246E+00   0.722926889E-04   0.635516575E+03
   0.400000000E+00   0.100000000E-02   0.807032735E+00   0.142756885E-03   0.992070873E+03
   0.400000000E+00   0.177827940E-02   0.863215318E+00   0.295904647E-03   0.127423113E+04
   0.400000000E+00   0.316227770E-02   0.941180303E+00   0.711298191E-03   0.816564020E+03
   0.500000000E+00   0.316230000E-05   0.257729751E+00   0.103621003E-06   0.990887774E+00
   0.500000000E+00   0.562340000E-05   0.338641961E+00   0.243293704E-06   0.330511985E+01
   0.500000000E+00   0.100000000E-04   0.404326333E+00   0.518754182E-06   0.821001966E+01
   0.500000000E+00   0.177828000E-04   0.460845573E+00   0.105410937E-05   0.174648247E+02
   0.500000000E+00   0.316228000E-04   0.512155775E+00   0.208596742E-05   0.344250535E+02
   0.500000000E+00   0.562341000E-04   0.560390322E+00   0.406424348E-05   0.649325085E+02
   0.500000000E+00   0.100000000E-03   0.606951838E+00   0.784347329E-05   0.119121378E+03
   0.500000000E+00   0.177827900E-03   0.652661152E+00   0.150582039E-04   0.214075171E+03
   0.500000000E+00   0.316227800E-03   0.698196707E+00   0.288766253E-04   0.376839039E+03
   0.500000000E+00   0.562341300E-03   0.744265872E+00   0.556262661E-04   0.643705040E+03
   0.500000000E+00   0.100000000E-02   0.792141471E+00   0.108694765E-03   0.103849809E+04
   0.500000000E+00   0.177827940E-02   0.844488985E+00   0.219942903E-03   0.147007498E+04
   0.500000000E+00   0.316227770E-02   0.910447757E+00   0.492408518E-03   0.133225711E+04
   0.600000000E+00   0.316230000E-05   0.253005493E+00   0.837425150E-07   0.963989238E+00
   0.600000000E+00   0.562340000E-05   0.333263306E+00   0.197151029E-06   0.323827054E+01
   0.600000000E+00   0.100000000E-04   0.398423003E+00   0.420736071E-06   0.808114618E+01
   0.600000000E+00   0.177828000E-04   0.454420637E+00   0.855213062E-06   0.172253566E+02
   0.600000000E+00   0.316228000E-04   0.505210865E+00   0.169260117E-05   0.339970845E+02
   0.600000000E+00   0.562341000E-04   0.552919437E+00   0.329767126E-05   0.641965201E+02
   0.600000000E+00   0.100000000E-03   0.598935501E+00   0.636217193E-05   0.117933690E+03
   0.600000000E+00   0.177827900E-03   0.644056880E+00   0.122052548E-04   0.212426450E+03
   0.600000000E+00   0.316227800E-03   0.688915410E+00   0.233688631E-04   0.375585433E+03
   0.600000000E+00   0.562341300E-03   0.734118570E+00   0.448725905E-04   0.647461413E+03
   0.600000000E+00   0.100000000E-02   0.780700815E+00   0.871058080E-04   0.106604952E+04
   0.600000000E+00   0.177827940E-02   0.830680559E+00   0.173778442E-03   0.158702091E+04
   0.600000000E+00   0.316227770E-02   0.890026556E+00   0.372663062E-03   0.174160972E+04
   0.700000000E+00   0.316230000E-05   0.249121798E+00   0.694960309E-07   0.941999716E+00
   0.700000000E+00   0.562340000E-05   0.328834993E+00   0.163983606E-06   0.318333504E+01
   0.700000000E+00   0.100000000E-04   0.393562646E+00   0.350386907E-06   0.797485797E+01
   0.700000000E+00   0.177828000E-04   0.449130731E+00   0.712642683E-06   0.170273609E+02
   0.700000000E+00   0.316228000E-04   0.499493581E+00   0.141079622E-05   0.336417618E+02
   0.700000000E+00   0.562341000E-04   0.546771303E+00   0.274869945E-05   0.635802800E+02
   0.700000000E+00   0.100000000E-03   0.592343314E+00   0.530192784E-05   0.116920048E+03
   0.700000000E+00   0.177827900E-03   0.636991337E+00   0.101658109E-04   0.210943740E+03
   0.700000000E+00   0.316227800E-03   0.681315068E+00   0.194427448E-04   0.374112962E+03
   0.700000000E+00   0.562341300E-03   0.725854641E+00   0.372528707E-04   0.649005378E+03
   0.700000000E+00   0.100000000E-02   0.771488296E+00   0.719974705E-04   0.108341073E+04
   0.700000000E+00   0.177827940E-02   0.819828625E+00   0.142290199E-03   0.166684050E+04
   0.700000000E+00   0.316227770E-02   0.875124928E+00   0.297081453E-03   0.204832583E+04
   0.800000000E+00   0.316230000E-05   0.245867194E+00   0.583063033E-07   0.923657909E+00
   0.800000000E+00   0.562340000E-05   0.325119171E+00   0.137845894E-06   0.313732045E+01
   0.800000000E+00   0.100000000E-04   0.389483416E+00   0.294842522E-06   0.788552719E+01
   0.800000000E+00   0.177828000E-04   0.444690920E+00   0.599967917E-06   0.168605812E+02
   0.800000000E+00   0.316228000E-04   0.494695558E+00   0.118798940E-05   0.333414082E+02
   0.800000000E+00   0.562341000E-04   0.541613038E+00   0.231465834E-05   0.630559086E+02
   0.800000000E+00   0.100000000E-03   0.586815344E+00   0.446405365E-05   0.116045394E+03
   0.800000000E+00   0.177827900E-03   0.631072212E+00   0.855610740E-05   0.209619041E+03
   0.800000000E+00   0.316227800E-03   0.674959694E+00   0.163521786E-04   0.372604889E+03
   0.800000000E+00   0.562341300E-03   0.718969363E+00   0.312877622E-04   0.649367675E+03
   0.800000000E+00   0.100000000E-02   0.763869540E+00   0.603016419E-04   0.109480026E+04
   0.800000000E+00   0.177827940E-02   0.810997323E+00   0.118465491E-03   0.172370851E+04
   0.800000000E+00   0.316227770E-02   0.863630588E+00   0.243470719E-03   0.229058485E+04
   0.900000000E+00   0.316230000E-05   0.243161726E+00   0.467973439E-07   0.908456033E+00
   0.900000000E+00   0.562340000E-05   0.322027303E+00   0.110726651E-06   0.309901543E+01
   0.900000000E+00   0.100000000E-04   0.386088930E+00   0.237750121E-06   0.781090382E+01
   0.900000000E+00   0.177828000E-04   0.440996572E+00   0.483232161E-06   0.167208107E+02
   0.900000000E+00   0.316228000E-04   0.490703603E+00   0.956226595E-06   0.330885142E+02
   0.900000000E+00   0.562341000E-04   0.537322137E+00   0.186236675E-05   0.626110900E+02
   0.900000000E+00   0.100000000E-03   0.582218110E+00   0.359099188E-05   0.115293797E+03
   0.900000000E+00   0.177827900E-03   0.626151597E+00   0.688270733E-05   0.208450096E+03
   0.900000000E+00   0.316227800E-03   0.669679917E+00   0.131580203E-04   0.371159544E+03
   0.900000000E+00   0.562341300E-03   0.713257223E+00   0.251934986E-04   0.649102163E+03
   0.900000000E+00   0.100000000E-02   0.757569788E+00   0.486009159E-04   0.110251961E+04
   0.900000000E+00   0.177827940E-02   0.803756335E+00   0.955085813E-04   0.176567292E+04
   0.900000000E+00   0.316227770E-02   0.854514898E+00   0.195605169E-03   0.246315517E+04
   0.100000000E+01   0.316230000E-05   0.275328998E+00  -0.408541236E-02   0.163883698E+01
   0.100000000E+01   0.562340000E-05   0.340866053E+00  -0.474512124E-02   0.405867334E+01
   0.100000000E+01   0.100000000E-04   0.398446253E+00  -0.501654570E-02   0.878932597E+01
   0.100000000E+01   0.177828000E-04   0.449516225E+00  -0.503063537E-02   0.174994918E+02
   0.100000000E+01   0.316228000E-04   0.496756461E+00  -0.479613625E-02   0.339514028E+02
   0.100000000E+01   0.562341000E-04   0.541607725E+00  -0.426906596E-02   0.634700835E+02
   0.100000000E+01   0.100000000E-03   0.584951383E+00  -0.357872689E-02   0.116093459E+03
   0.100000000E+01   0.177827900E-03   0.627492054E+00  -0.291084720E-02   0.209205716E+03
   0.100000000E+01   0.316227800E-03   0.669742679E+00  -0.237203952E-02   0.372096743E+03
   0.100000000E+01   0.562341300E-03   0.712131623E+00  -0.196246682E-02   0.651433647E+03
   0.100000000E+01   0.100000000E-02   0.755247279E+00  -0.164093767E-02   0.111144419E+04
   0.100000000E+01   0.177827940E-02   0.800061023E+00  -0.137220704E-02   0.180109296E+04
   0.100000000E+01   0.316227770E-02   0.848851241E+00  -0.111361220E-02   0.259251693E+04
