 hih1=   4.000 Number of points =  130
   0.100000000E+00   0.100000000E-04   0.173625207E+00   0.153930187E-05   0.642067020E-01
   0.100000000E+00   0.177828000E-04   0.299131987E+00   0.402006583E-05   0.231663790E+00
   0.100000000E+00   0.316228000E-04   0.428099483E+00   0.114137481E-04   0.185288460E+01
   0.100000000E+00   0.562341000E-04   0.511911557E+00   0.237383159E-04   0.709309042E+01
   0.100000000E+00   0.100000000E-03   0.579876541E+00   0.478789544E-04   0.153155475E+02
   0.100000000E+00   0.177827900E-03   0.643588232E+00   0.994893776E-04   0.264536526E+02
   0.100000000E+00   0.316227800E-03   0.713082462E+00   0.212091865E-03   0.406744123E+02
   0.100000000E+00   0.562341300E-03   0.793367446E+00   0.471865795E-03   0.546489615E+02
   0.100000000E+00   0.100000000E-02   0.890286963E+00   0.107692207E-02   0.576772634E+02
   0.100000000E+00   0.177827940E-02   0.987197212E+00   0.221532518E-02   0.232618242E+02
   0.100000000E+00   0.316227770E-02   0.100029753E+01   0.236892040E-02   0.102652352E-01
   0.100000000E+00   0.562341330E-02   0.100028747E+01   0.235426185E-02   0.979016378E-02
   0.100000000E+00   0.100000000E-01   0.100026996E+01   0.232679787E-02   0.988352215E-02
   0.200000000E+00   0.100000000E-04   0.156290395E+00   0.686077896E-06   0.530453549E-01
   0.200000000E+00   0.177828000E-04   0.270417890E+00   0.176801263E-05   0.191549900E+00
   0.200000000E+00   0.316228000E-04   0.396291468E+00   0.516181879E-05   0.153707929E+01
   0.200000000E+00   0.562341000E-04   0.478132889E+00   0.106650099E-04   0.660073670E+01
   0.200000000E+00   0.100000000E-03   0.541907987E+00   0.209665323E-04   0.149975848E+02
   0.200000000E+00   0.177827900E-03   0.599287996E+00   0.420163789E-04   0.273101647E+02
   0.200000000E+00   0.316227800E-03   0.658940511E+00   0.853751853E-04   0.455483821E+02
   0.200000000E+00   0.562341300E-03   0.723822057E+00   0.179593495E-03   0.697213031E+02
   0.200000000E+00   0.100000000E-02   0.799194495E+00   0.394313144E-03   0.947363176E+02
   0.200000000E+00   0.177827940E-02   0.889744284E+00   0.895600245E-03   0.102665171E+03
   0.200000000E+00   0.316227770E-02   0.984143048E+00   0.189295039E-02   0.485210627E+02
   0.200000000E+00   0.562341330E-02   0.100064298E+01   0.209079639E-02   0.113607084E-01
   0.200000000E+00   0.100000000E-01   0.100063486E+01   0.208192686E-02   0.984227184E-02
   0.300000000E+00   0.100000000E-04   0.147039245E+00   0.419047821E-06   0.475331367E-01
   0.300000000E+00   0.177828000E-04   0.254995728E+00   0.107583742E-05   0.171205602E+00
   0.300000000E+00   0.316228000E-04   0.379005717E+00   0.322146987E-05   0.136833023E+01
   0.300000000E+00   0.562341000E-04   0.460210806E+00   0.668976654E-05   0.626618183E+01
   0.300000000E+00   0.100000000E-03   0.522293902E+00   0.130724807E-04   0.146041706E+02
   0.300000000E+00   0.177827900E-03   0.577177444E+00   0.259131398E-04   0.271133722E+02
   0.300000000E+00   0.316227800E-03   0.633183113E+00   0.517173863E-04   0.466141397E+02
   0.300000000E+00   0.562341300E-03   0.692298393E+00   0.105750372E-03   0.751131311E+02
   0.300000000E+00   0.100000000E-02   0.758575465E+00   0.224549869E-03   0.110682882E+03
   0.300000000E+00   0.177827940E-02   0.836601305E+00   0.498616824E-03   0.141094287E+03
   0.300000000E+00   0.316227770E-02   0.929398986E+00   0.112599085E-02   0.130012974E+03
   0.300000000E+00   0.562341330E-02   0.999324090E+00   0.195011308E-02   0.163292976E+02
   0.300000000E+00   0.100000000E-01   0.100076715E+01   0.194643997E-02   0.982799391E-02
   0.400000000E+00   0.100000000E-04   0.140880023E+00   0.293873798E-06   0.440167792E-01
   0.400000000E+00   0.177828000E-04   0.244688488E+00   0.753371161E-06   0.158135756E+00
   0.400000000E+00   0.316228000E-04   0.367276351E+00   0.230105562E-05   0.125843603E+01
   0.400000000E+00   0.562341000E-04   0.448151519E+00   0.480781015E-05   0.602451030E+01
   0.400000000E+00   0.100000000E-03   0.509232605E+00   0.937722311E-05   0.142836742E+02
   0.400000000E+00   0.177827900E-03   0.562653639E+00   0.185006440E-04   0.267941984E+02
   0.400000000E+00   0.316227800E-03   0.616656442E+00   0.366068990E-04   0.467673997E+02
   0.400000000E+00   0.562341300E-03   0.672720214E+00   0.736800818E-04   0.775016455E+02
   0.400000000E+00   0.100000000E-02   0.734088521E+00   0.152981750E-03   0.119389872E+03
   0.400000000E+00   0.177827940E-02   0.804640378E+00   0.332022106E-03   0.164044533E+03
   0.400000000E+00   0.316227770E-02   0.889079169E+00   0.748216413E-03   0.182311244E+03
   0.400000000E+00   0.562341330E-02   0.980019312E+00   0.160705092E-02   0.983706261E+02
   0.400000000E+00   0.100000000E-01   0.100082464E+01   0.185442392E-02   0.146118564E-01
   0.500000000E+00   0.100000000E-04   0.136334228E+00   0.222320282E-06   0.414963642E-01
   0.500000000E+00   0.177828000E-04   0.237060420E+00   0.569579735E-06   0.148749120E+00
   0.500000000E+00   0.316228000E-04   0.358476672E+00   0.176751332E-05   0.117918506E+01
   0.500000000E+00   0.562341000E-04   0.439141507E+00   0.371474617E-05   0.583823761E+01
   0.500000000E+00   0.100000000E-03   0.499529400E+00   0.724175502E-05   0.140234867E+02
   0.500000000E+00   0.177827900E-03   0.551939695E+00   0.142526917E-04   0.264832090E+02
   0.500000000E+00   0.316227800E-03   0.604623330E+00   0.280669210E-04   0.466330522E+02
   0.500000000E+00   0.562341300E-03   0.658768199E+00   0.559515405E-04   0.786282423E+02
   0.500000000E+00   0.100000000E-02   0.717062522E+00   0.114397218E-03   0.124675671E+03
   0.500000000E+00   0.177827940E-02   0.782765238E+00   0.243748205E-03   0.179353932E+03
   0.500000000E+00   0.316227770E-02   0.860600811E+00   0.542640180E-03   0.218834325E+03
   0.500000000E+00   0.562341330E-02   0.951388117E+00   0.120747768E-02   0.175920789E+03
   0.500000000E+00   0.100000000E-01   0.100071590E+01   0.178206805E-02   0.316554215E+01
   0.600000000E+00   0.100000000E-04   0.132776519E+00   0.176090601E-06   0.395668843E-01
   0.600000000E+00   0.177828000E-04   0.231077748E+00   0.451003374E-06   0.141562570E+00
   0.600000000E+00   0.316228000E-04   0.351492785E+00   0.141779575E-05   0.111847092E+01
   0.600000000E+00   0.562341000E-04   0.432007448E+00   0.299573054E-05   0.568830851E+01
   0.600000000E+00   0.100000000E-03   0.491874791E+00   0.584052091E-05   0.138078544E+02
   0.600000000E+00   0.177827900E-03   0.543523155E+00   0.114787789E-04   0.262029794E+02
   0.600000000E+00   0.316227800E-03   0.595245714E+00   0.225386761E-04   0.464016886E+02
   0.600000000E+00   0.562341300E-03   0.648052293E+00   0.446535968E-04   0.791446631E+02
   0.600000000E+00   0.100000000E-02   0.704235336E+00   0.903174159E-04   0.128076609E+03
   0.600000000E+00   0.177827940E-02   0.766550125E+00   0.189701421E-03   0.190242758E+03
   0.600000000E+00   0.316227770E-02   0.839424572E+00   0.417104352E-03   0.246001324E+03
   0.600000000E+00   0.562341330E-02   0.926215924E+00   0.938029531E-03   0.235983272E+03
   0.600000000E+00   0.100000000E-01   0.998284125E+00   0.171736414E-02   0.411364901E+02
   0.700000000E+00   0.100000000E-04   0.129893158E+00   0.143206635E-06   0.380303540E-01
   0.700000000E+00   0.177828000E-04   0.226220662E+00   0.366699632E-06   0.135843486E+00
   0.700000000E+00   0.316228000E-04   0.345764078E+00   0.116514837E-05   0.107019416E+01
   0.700000000E+00   0.562341000E-04   0.426164185E+00   0.247381836E-05   0.556428255E+01
   0.700000000E+00   0.100000000E-03   0.485621671E+00   0.482470382E-05   0.136260186E+02
   0.700000000E+00   0.177827900E-03   0.536666256E+00   0.947448614E-05   0.259552447E+02
   0.700000000E+00   0.316227800E-03   0.587645196E+00   0.185693153E-04   0.461429590E+02
   0.700000000E+00   0.562341300E-03   0.639454089E+00   0.366402669E-04   0.793414394E+02
   0.700000000E+00   0.100000000E-02   0.694094197E+00   0.735513941E-04   0.130341382E+03
   0.700000000E+00   0.177827940E-02   0.753912138E+00   0.152817387E-03   0.198313211E+03
   0.700000000E+00   0.316227770E-02   0.822988252E+00   0.332436056E-03   0.267080047E+03
   0.700000000E+00   0.562341330E-02   0.905570550E+00   0.748843795E-03   0.283810074E+03
   0.700000000E+00   0.100000000E-01   0.989263695E+00   0.155216081E-02   0.115838469E+03
   0.800000000E+00   0.100000000E-04   0.127522447E+00   0.116916306E-06   0.367847501E-01
   0.800000000E+00   0.177828000E-04   0.222221171E+00   0.299270681E-06   0.131211451E+00
   0.800000000E+00   0.316228000E-04   0.341004346E+00   0.959092853E-06   0.103114361E+01
   0.800000000E+00   0.562341000E-04   0.421314331E+00   0.204502846E-05   0.546054990E+01
   0.800000000E+00   0.100000000E-03   0.480441900E+00   0.399026900E-05   0.134717328E+02
   0.800000000E+00   0.177827900E-03   0.530996189E+00   0.783216537E-05   0.257385627E+02
   0.800000000E+00   0.316227800E-03   0.581380503E+00   0.153348209E-04   0.458868451E+02
   0.800000000E+00   0.562341300E-03   0.632413952E+00   0.301866109E-04   0.793652367E+02
   0.800000000E+00   0.100000000E-02   0.685877320E+00   0.603160094E-04   0.131882122E+03
   0.800000000E+00   0.177827940E-02   0.743781729E+00   0.124456165E-03   0.204464703E+03
   0.800000000E+00   0.316227770E-02   0.809869651E+00   0.268901085E-03   0.283909683E+03
   0.800000000E+00   0.562341330E-02   0.888664141E+00   0.605142905E-03   0.322902214E+03
   0.800000000E+00   0.100000000E-01   0.975629892E+00   0.131720282E-02   0.194336020E+03
   0.900000000E+00   0.100000000E-04   0.125634113E+00   0.861660817E-07   0.358022945E-01
   0.900000000E+00   0.177828000E-04   0.219030399E+00   0.220422651E-06   0.127559169E+00
   0.900000000E+00   0.316228000E-04   0.337177509E+00   0.710614088E-06   0.100036121E+01
   0.900000000E+00   0.562341000E-04   0.417419297E+00   0.152048188E-05   0.537615000E+01
   0.900000000E+00   0.100000000E-03   0.476287603E+00   0.296826215E-05   0.133444107E+02
   0.900000000E+00   0.177827900E-03   0.526450341E+00   0.582817432E-05   0.255555202E+02
   0.900000000E+00   0.316227800E-03   0.576361068E+00   0.114261274E-04   0.456538111E+02
   0.900000000E+00   0.562341300E-03   0.626784058E+00   0.225473394E-04   0.793057374E+02
   0.900000000E+00   0.100000000E-02   0.679328278E+00   0.452255634E-04   0.132960188E+03
   0.900000000E+00   0.177827940E-02   0.735726099E+00   0.939169432E-04   0.209278980E+03
   0.900000000E+00   0.316227770E-02   0.799409900E+00   0.205095599E-03   0.297684923E+03
   0.900000000E+00   0.562341330E-02   0.874907476E+00   0.469441696E-03   0.355561287E+03
   0.900000000E+00   0.100000000E-01   0.961714616E+00   0.105684848E-02   0.264334784E+03
   0.100000000E+01   0.100000000E-04   0.208507325E+00  -0.536475441E-02   0.248603037E+01
   0.100000000E+01   0.177828000E-04   0.276974247E+00  -0.835896342E-02   0.270867142E+01
   0.100000000E+01   0.316228000E-04   0.366140845E+00  -0.100994686E-01   0.361168159E+01
   0.100000000E+01   0.562341000E-04   0.434088267E+00  -0.987071208E-02   0.730127138E+01
   0.100000000E+01   0.100000000E-03   0.487459392E+00  -0.885733396E-02   0.148189241E+02
   0.100000000E+01   0.177827900E-03   0.534068451E+00  -0.781933542E-02   0.267132922E+02
   0.100000000E+01   0.316227800E-03   0.581322375E+00  -0.652111017E-02   0.465134253E+02
   0.100000000E+01   0.562341300E-03   0.629430013E+00  -0.520304312E-02   0.801505391E+02
   0.100000000E+01   0.100000000E-02   0.679710014E+00  -0.406805513E-02   0.134691879E+03
   0.100000000E+01   0.177827940E-02   0.733633765E+00  -0.320313344E-02   0.214071279E+03
   0.100000000E+01   0.316227770E-02   0.794291434E+00  -0.252521229E-02   0.309824168E+03
   0.100000000E+01   0.562341330E-02   0.866049443E+00  -0.189778932E-02   0.383343305E+03
   0.100000000E+01   0.100000000E-01   0.950392432E+00  -0.109928295E-02   0.324216649E+03
