 hih1=   1.231 Number of points =  130
   0.100000000E+00   0.100000000E-05   0.370947983E+00   0.229740938E-06   0.739447428E+01
   0.100000000E+00   0.177830000E-05   0.425920227E+00   0.469457282E-06   0.167131978E+02
   0.100000000E+00   0.316230000E-05   0.474368628E+00   0.930988253E-06   0.333571147E+02
   0.100000000E+00   0.562340000E-05   0.519839609E+00   0.181870573E-05   0.627070149E+02
   0.100000000E+00   0.100000000E-04   0.564019797E+00   0.352351345E-05   0.114298534E+03
   0.100000000E+00   0.177828000E-04   0.607718846E+00   0.680024813E-05   0.204258507E+03
   0.100000000E+00   0.316228000E-04   0.651616544E+00   0.131242229E-04   0.358699451E+03
   0.100000000E+00   0.562341000E-04   0.696267877E+00   0.254511637E-04   0.616381670E+03
   0.100000000E+00   0.100000000E-03   0.742658615E+00   0.498818918E-04   0.102470767E+04
   0.100000000E+00   0.177827900E-03   0.792161777E+00   0.996693870E-04   0.160757416E+04
   0.100000000E+00   0.316227800E-03   0.847369568E+00   0.205719510E-03   0.224958813E+04
   0.100000000E+00   0.562341300E-03   0.912283685E+00   0.442346531E-03   0.248537048E+04
   0.100000000E+00   0.100000000E-02   0.988234081E+00   0.961209569E-03   0.770840771E+03
   0.200000000E+00   0.100000000E-05   0.351335243E+00   0.105138697E-06   0.691940871E+01
   0.200000000E+00   0.177830000E-05   0.404697517E+00   0.215497575E-06   0.158411852E+02
   0.200000000E+00   0.316230000E-05   0.451407832E+00   0.427767145E-06   0.318435219E+02
   0.200000000E+00   0.562340000E-05   0.495056679E+00   0.835390657E-06   0.601389665E+02
   0.200000000E+00   0.100000000E-04   0.537313168E+00   0.161590403E-05   0.110128339E+03
   0.200000000E+00   0.177828000E-04   0.578922378E+00   0.310830086E-05   0.198112023E+03
   0.200000000E+00   0.316228000E-04   0.620436774E+00   0.596357539E-05   0.351702545E+03
   0.200000000E+00   0.562341000E-04   0.662199434E+00   0.114512681E-04   0.615774662E+03
   0.200000000E+00   0.100000000E-03   0.704821302E+00   0.220922058E-04   0.105789981E+04
   0.200000000E+00   0.177827900E-03   0.749012309E+00   0.430649055E-04   0.176297127E+04
   0.200000000E+00   0.316227800E-03   0.796045305E+00   0.854957296E-04   0.278457642E+04
   0.200000000E+00   0.562341300E-03   0.848229537E+00   0.174939063E-03   0.395979066E+04
   0.200000000E+00   0.100000000E-02   0.909141820E+00   0.373074442E-03   0.453731396E+04
   0.300000000E+00   0.100000000E-05   0.340585699E+00   0.666474467E-07   0.665894960E+01
   0.300000000E+00   0.177830000E-05   0.393070153E+00   0.136790471E-06   0.153573990E+02
   0.300000000E+00   0.316230000E-05   0.438836401E+00   0.271653357E-06   0.309956448E+02
   0.300000000E+00   0.562340000E-05   0.481504081E+00   0.530516424E-06   0.586733253E+02
   0.300000000E+00   0.100000000E-04   0.522742569E+00   0.102574318E-05   0.107655779E+03
   0.300000000E+00   0.177828000E-04   0.563276840E+00   0.197100564E-05   0.194149735E+03
   0.300000000E+00   0.316228000E-04   0.603614807E+00   0.377389772E-05   0.346032276E+03
   0.300000000E+00   0.562341000E-04   0.644025965E+00   0.722086257E-05   0.609932085E+03
   0.300000000E+00   0.100000000E-03   0.684990646E+00   0.138488368E-04   0.106010690E+04
   0.300000000E+00   0.177827900E-03   0.727000125E+00   0.267422526E-04   0.180317258E+04
   0.300000000E+00   0.316227800E-03   0.770932701E+00   0.523105055E-04   0.295734075E+04
   0.300000000E+00   0.562341300E-03   0.818308026E+00   0.104562130E-03   0.453855108E+04
   0.300000000E+00   0.100000000E-02   0.871749297E+00   0.216566758E-03   0.608974378E+04
   0.400000000E+00   0.100000000E-05   0.333256666E+00   0.482330158E-07   0.648101127E+01
   0.400000000E+00   0.177830000E-05   0.385145603E+00   0.991416889E-07   0.150250948E+02
   0.400000000E+00   0.316230000E-05   0.430270811E+00   0.197015764E-06   0.304112145E+02
   0.400000000E+00   0.562340000E-05   0.472274053E+00   0.384845427E-06   0.576557243E+02
   0.400000000E+00   0.100000000E-04   0.512828209E+00   0.744015704E-06   0.105913294E+03
   0.400000000E+00   0.177828000E-04   0.552649230E+00   0.142893821E-05   0.191270121E+03
   0.400000000E+00   0.316228000E-04   0.592222207E+00   0.273304965E-05   0.341613132E+03
   0.400000000E+00   0.562341000E-04   0.631778989E+00   0.521906041E-05   0.604267316E+03
   0.400000000E+00   0.100000000E-03   0.671731968E+00   0.997653092E-05   0.105665210E+04
   0.400000000E+00   0.177827900E-03   0.712460764E+00   0.191625204E-04   0.181640200E+04
   0.400000000E+00   0.316227800E-03   0.754648692E+00   0.371738637E-04   0.303572862E+04
   0.400000000E+00   0.562341300E-03   0.799453524E+00   0.733589632E-04   0.482880081E+04
   0.400000000E+00   0.100000000E-02   0.848791013E+00   0.148979110E-03   0.696968489E+04
   0.500000000E+00   0.100000000E-05   0.327737002E+00   0.375026120E-07   0.634728366E+01
   0.500000000E+00   0.177830000E-05   0.379177427E+00   0.771726641E-07   0.147740446E+02
   0.500000000E+00   0.316230000E-05   0.423820551E+00   0.153432214E-06   0.299685823E+02
   0.500000000E+00   0.562340000E-05   0.465325066E+00   0.299758679E-06   0.568817728E+02
   0.500000000E+00   0.100000000E-04   0.505367818E+00   0.579479903E-06   0.104577078E+03
   0.500000000E+00   0.177828000E-04   0.544659955E+00   0.111258118E-05   0.189025370E+03
   0.500000000E+00   0.316228000E-04   0.583672677E+00   0.212655323E-05   0.338046067E+03
   0.500000000E+00   0.562341000E-04   0.622614979E+00   0.405600006E-05   0.599265460E+03
   0.500000000E+00   0.100000000E-03   0.661857256E+00   0.773751509E-05   0.105184965E+04
   0.500000000E+00   0.177827900E-03   0.701710728E+00   0.148125900E-04   0.181998604E+04
   0.500000000E+00   0.316227800E-03   0.742740699E+00   0.285839450E-04   0.307685668E+04
   0.500000000E+00   0.562341300E-03   0.785894145E+00   0.559472425E-04   0.499832256E+04
   0.500000000E+00   0.100000000E-02   0.832667449E+00   0.112166034E-03   0.753121036E+04
   0.600000000E+00   0.100000000E-05   0.323335036E+00   0.304876382E-07   0.624088371E+01
   0.600000000E+00   0.177830000E-05   0.374417860E+00   0.627959167E-07   0.145734747E+02
   0.600000000E+00   0.316230000E-05   0.418677033E+00   0.124899626E-06   0.296143448E+02
   0.600000000E+00   0.562340000E-05   0.459784810E+00   0.244052554E-06   0.562606643E+02
   0.600000000E+00   0.100000000E-04   0.499421923E+00   0.471782985E-06   0.103498983E+03
   0.600000000E+00   0.177828000E-04   0.538296758E+00   0.905625264E-06   0.187195141E+03
   0.600000000E+00   0.316228000E-04   0.576871179E+00   0.173019876E-05   0.335074677E+03
   0.600000000E+00   0.562341000E-04   0.615338854E+00   0.329723485E-05   0.594884164E+03
   0.600000000E+00   0.100000000E-03   0.654041484E+00   0.628089508E-05   0.104683846E+04
   0.600000000E+00   0.177827900E-03   0.693243816E+00   0.119953619E-04   0.181939407E+04
   0.600000000E+00   0.316227800E-03   0.733431403E+00   0.230601129E-04   0.309989573E+04
   0.600000000E+00   0.562341300E-03   0.775411772E+00   0.448732351E-04   0.510668800E+04
   0.600000000E+00   0.100000000E-02   0.820417722E+00   0.891577942E-04   0.790872219E+04
   0.700000000E+00   0.100000000E-05   0.319697887E+00   0.254963650E-07   0.615314320E+01
   0.700000000E+00   0.177830000E-05   0.370485278E+00   0.525559563E-07   0.144075133E+02
   0.700000000E+00   0.316230000E-05   0.414427524E+00   0.104566668E-06   0.293208424E+02
   0.700000000E+00   0.562340000E-05   0.455208085E+00   0.204344319E-06   0.557449911E+02
   0.700000000E+00   0.100000000E-04   0.494511355E+00   0.395004868E-06   0.102600403E+03
   0.700000000E+00   0.177828000E-04   0.533044069E+00   0.758086816E-06   0.185658218E+03
   0.700000000E+00   0.316228000E-04   0.571261411E+00   0.144771053E-05   0.332542252E+03
   0.700000000E+00   0.562341000E-04   0.609346086E+00   0.275684070E-05   0.591026170E+03
   0.700000000E+00   0.100000000E-03   0.647618888E+00   0.524515325E-05   0.104198371E+04
   0.700000000E+00   0.177827900E-03   0.686310820E+00   0.999846327E-05   0.181681965E+04
   0.700000000E+00   0.316227800E-03   0.725849604E+00   0.191666454E-04   0.311302792E+04
   0.700000000E+00   0.562341300E-03   0.766942872E+00   0.371383780E-04   0.518001059E+04
   0.700000000E+00   0.100000000E-02   0.810641017E+00   0.733122672E-04   0.817669415E+04
   0.800000000E+00   0.100000000E-05   0.316629028E+00   0.216027875E-07   0.607922569E+01
   0.800000000E+00   0.177830000E-05   0.367167209E+00   0.445588546E-07   0.142672782E+02
   0.800000000E+00   0.316230000E-05   0.410842325E+00   0.886786031E-07   0.290725281E+02
   0.800000000E+00   0.562340000E-05   0.451347287E+00   0.173308734E-06   0.553078882E+02
   0.800000000E+00   0.100000000E-04   0.490369895E+00   0.334993101E-06   0.101836104E+03
   0.800000000E+00   0.177828000E-04   0.528615931E+00   0.642788063E-06   0.184342642E+03
   0.800000000E+00   0.316228000E-04   0.566535624E+00   0.122706287E-05   0.330348392E+03
   0.800000000E+00   0.562341000E-04   0.604303515E+00   0.233516945E-05   0.587600126E+03
   0.800000000E+00   0.100000000E-03   0.642224471E+00   0.443835980E-05   0.103738852E+04
   0.800000000E+00   0.177827900E-03   0.680503745E+00   0.844741753E-05   0.181322895E+04
   0.800000000E+00   0.316227800E-03   0.719524822E+00   0.161564929E-04   0.312019201E+04
   0.800000000E+00   0.562341300E-03   0.759919575E+00   0.312038996E-04   0.523136734E+04
   0.800000000E+00   0.100000000E-02   0.802603532E+00   0.613091984E-04   0.837504934E+04
   0.900000000E+00   0.100000000E-05   0.314042247E+00   0.178286113E-07   0.601686475E+01
   0.900000000E+00   0.177830000E-05   0.364370542E+00   0.367835759E-07   0.141486143E+02
   0.900000000E+00   0.316230000E-05   0.407820845E+00   0.732048947E-07   0.288619926E+02
   0.900000000E+00   0.562340000E-05   0.448094145E+00   0.143045043E-06   0.549361347E+02
   0.900000000E+00   0.100000000E-04   0.486881434E+00   0.276402293E-06   0.101182737E+03
   0.900000000E+00   0.177828000E-04   0.524888065E+00   0.530060646E-06   0.183208575E+03
   0.900000000E+00   0.316228000E-04   0.562560567E+00   0.101099670E-05   0.328430826E+03
   0.900000000E+00   0.562341000E-04   0.600067203E+00   0.192169864E-05   0.584530362E+03
   0.900000000E+00   0.100000000E-03   0.637700175E+00   0.364702940E-05   0.103304384E+04
   0.900000000E+00   0.177827900E-03   0.675644023E+00   0.692945073E-05   0.180901573E+04
   0.900000000E+00   0.316227800E-03   0.714246502E+00   0.132303858E-04   0.312332767E+04
   0.900000000E+00   0.562341300E-03   0.754078850E+00   0.255139200E-04   0.526771703E+04
   0.900000000E+00   0.100000000E-02   0.795951249E+00   0.500691923E-04   0.852575221E+04
   0.100000000E+01   0.100000000E-05   0.327079445E+00  -0.319939036E-02   0.834669783E+01
   0.100000000E+01   0.177830000E-05   0.373270110E+00  -0.327061463E-02   0.153650539E+02
   0.100000000E+01   0.316230000E-05   0.414434559E+00  -0.328007939E-02   0.299979594E+02
   0.100000000E+01   0.562340000E-05   0.452762636E+00  -0.324624251E-02   0.562143878E+02
   0.100000000E+01   0.100000000E-04   0.490482809E+00  -0.304388861E-02   0.102015855E+03
   0.100000000E+01   0.177828000E-04   0.527620864E+00  -0.268272074E-02   0.183797554E+03
   0.100000000E+01   0.316228000E-04   0.564448850E+00  -0.225114361E-02   0.328586769E+03
   0.100000000E+01   0.562341000E-04   0.601138891E+00  -0.186283935E-02   0.583968559E+03
   0.100000000E+01   0.100000000E-03   0.637965988E+00  -0.157193121E-02   0.103164847E+04
   0.100000000E+01   0.177827900E-03   0.675111805E+00  -0.135844355E-02   0.180790992E+04
   0.100000000E+01   0.316227800E-03   0.712881204E+00  -0.119499715E-02   0.312844137E+04
   0.100000000E+01   0.562341300E-03   0.751788672E+00  -0.106267443E-02   0.529995298E+04
   0.100000000E+01   0.100000000E-02   0.792561778E+00  -0.946250124E-03   0.864996743E+04
