 hih1=   1.333 Number of points =  165
   0.951026782E+00  -0.173626279E+00   0.119871082E+00  -0.487991500E-02   0.243217566E+00
   0.951026466E+00  -0.173634056E+00   0.163686810E+00  -0.666185123E-02   0.374043250E+00
   0.951025904E+00  -0.173647884E+00   0.236930780E+00  -0.964147179E-02   0.767028461E+00
   0.951024904E+00  -0.173672475E+00   0.253682598E+00  -0.103427719E-01   0.199283571E+01
   0.951023127E+00  -0.173716205E+00   0.369808889E+00  -0.150703296E-01   0.454789792E+01
   0.951019967E+00  -0.173793969E+00   0.447595391E+00  -0.182652915E-01   0.103458632E+02
   0.951014347E+00  -0.173932255E+00   0.510470649E+00  -0.208921640E-01   0.211855931E+02
   0.951004353E+00  -0.174178165E+00   0.567717053E+00  -0.233558948E-01   0.403003392E+02
   0.950986580E+00  -0.174615463E+00   0.623538350E+00  -0.258775951E-01   0.721002252E+02
   0.950954976E+00  -0.175393100E+00   0.680474974E+00  -0.286473808E-01   0.120163730E+03
   0.950898775E+00  -0.176775957E+00   0.741623943E+00  -0.319422260E-01   0.177538323E+03
   0.950798834E+00  -0.179235062E+00   0.814825821E+00  -0.363706804E-01   0.184803791E+03
   0.950621111E+00  -0.183608039E+00   0.914815257E+00  -0.431079882E-01   0.567742846E+02
   0.950305071E+00  -0.191384414E+00   0.932861769E+00  -0.463358693E-01   0.655529396E-01
   0.949743061E+00  -0.205212981E+00   0.933426434E+00  -0.496563713E-01   0.637156011E-01
   0.748835379E+00  -0.162467408E+00   0.117097442E+00  -0.806734142E-02   0.862755217E+00
   0.748834844E+00  -0.162475172E+00   0.176527874E+00  -0.121560330E-01   0.911522938E+00
   0.748833894E+00  -0.162488980E+00   0.258541848E+00  -0.178016436E-01   0.135126381E+01
   0.748832204E+00  -0.162513533E+00   0.351213401E+00  -0.241834646E-01   0.270516878E+01
   0.748829198E+00  -0.162557196E+00   0.429749325E+00  -0.295933953E-01   0.587559655E+01
   0.748823853E+00  -0.162634840E+00   0.431522379E+00  -0.297485959E-01   0.111754687E+02
   0.748814348E+00  -0.162772913E+00   0.542099007E+00  -0.373566241E-01   0.217937087E+02
   0.748797445E+00  -0.163018445E+00   0.609677297E+00  -0.420297688E-01   0.407219037E+02
   0.748767388E+00  -0.163455070E+00   0.669712444E+00  -0.462122151E-01   0.713185868E+02
   0.748713937E+00  -0.164231512E+00   0.729550344E+00  -0.504330076E-01   0.114129220E+03
   0.748618887E+00  -0.165612243E+00   0.794501362E+00  -0.551156598E-01   0.148557435E+03
   0.748449861E+00  -0.168067567E+00   0.878573581E+00  -0.614120401E-01   0.102533632E+03
   0.748149287E+00  -0.172433820E+00   0.946226695E+00  -0.666666457E-01   0.652973100E-01
   0.747614781E+00  -0.180198238E+00   0.945761584E+00  -0.664645819E-01   0.652560746E-01
   0.746664280E+00  -0.194005543E+00   0.944672693E+00  -0.660741164E-01   0.634698569E-01
   0.456832637E+00  -0.135937200E+00   0.118901580E+00  -0.140492048E-01   0.146707194E+01
   0.456831724E+00  -0.135944929E+00   0.183238293E+00  -0.216407307E-01   0.149954164E+01
   0.456830101E+00  -0.135958674E+00   0.275362452E+00  -0.325201695E-01   0.190693826E+01
   0.456827215E+00  -0.135983115E+00   0.367130130E+00  -0.433563196E-01   0.332145115E+01
   0.456822083E+00  -0.136026579E+00   0.449288135E+00  -0.530602185E-01   0.652450101E+01
   0.456812957E+00  -0.136103870E+00   0.518082529E+00  -0.611869747E-01   0.125549637E+02
   0.456796729E+00  -0.136241315E+00   0.505776225E+00  -0.598087432E-01   0.209047719E+02
   0.456767869E+00  -0.136485731E+00   0.625324115E+00  -0.739034921E-01   0.377568164E+02
   0.456716549E+00  -0.136920370E+00   0.696622280E+00  -0.823532304E-01   0.624086614E+02
   0.456625288E+00  -0.137693281E+00   0.764782784E+00  -0.904957900E-01   0.835451091E+02
   0.456463000E+00  -0.139067731E+00   0.846291526E+00  -0.100388972E+00   0.637424020E+02
   0.456174407E+00  -0.141511888E+00   0.917039220E+00  -0.108991724E+00   0.567375912E+00
   0.455661208E+00  -0.145858281E+00   0.916274104E+00  -0.108123283E+00   0.653014373E-01
   0.454748597E+00  -0.153587384E+00   0.915291129E+00  -0.106599042E+00   0.648195746E-01
   0.453125719E+00  -0.167331888E+00   0.913366223E+00  -0.103800439E+00   0.629250892E-01
   0.180155597E+00  -0.896067086E-01   0.143025774E+00  -0.346706294E-01   0.244838182E+01
   0.180153767E+00  -0.896142730E-01   0.195343087E+00  -0.473340090E-01   0.252104334E+01
   0.180150510E+00  -0.896277245E-01   0.273240709E+00  -0.661739819E-01   0.284832681E+01
   0.180144720E+00  -0.896516450E-01   0.361030561E+00  -0.874072486E-01   0.396893102E+01
   0.180134424E+00  -0.896941824E-01   0.443925594E+00  -0.107447505E+00   0.653563722E+01
   0.180116113E+00  -0.897698258E-01   0.509974147E+00  -0.123405918E+00   0.110210531E+02
   0.180083552E+00  -0.899043408E-01   0.571836203E+00  -0.138341577E+00   0.175453027E+02
   0.180025650E+00  -0.901435462E-01   0.586771614E+00  -0.142058199E+00   0.151331814E+02
   0.179922683E+00  -0.905689202E-01   0.689736924E+00  -0.166834865E+00   0.185864104E+02
   0.179739580E+00  -0.913253539E-01   0.756724195E+00  -0.182624416E+00   0.744413717E+01
   0.179413971E+00  -0.926705045E-01   0.771103861E+00  -0.184680698E+00   0.159898939E-01
   0.178834948E+00  -0.950625580E-01   0.770273789E+00  -0.181699954E+00   0.226107345E-01
   0.177805282E+00  -0.993162976E-01   0.769134949E+00  -0.176473823E+00   0.495446593E-01
   0.175974249E+00  -0.106880635E+00   0.767974180E+00  -0.167395071E+00   0.572093939E-01
   0.172718160E+00  -0.120332141E+00   0.767186450E+00  -0.151745150E+00   0.555660181E-01
   0.180842996E-01  -0.286457551E-01  -0.664783070E-02   0.102432587E-01   0.488659162E-03
   0.180796378E-01  -0.286519872E-01  -0.681296508E-02   0.104758000E-01   0.494926760E-03
   0.180713478E-01  -0.286630697E-01  -0.686045199E-02   0.106899503E-01   0.474457483E-03
   0.180566059E-01  -0.286827775E-01  -0.715397962E-02   0.113133825E-01   0.463998059E-03
   0.180303907E-01  -0.287178233E-01  -0.727381586E-02   0.122745278E-01   0.466444873E-03
   0.179837727E-01  -0.287801447E-01  -0.699799507E-02   0.138202460E-01   0.866970671E-03
   0.179008728E-01  -0.288909695E-01  -0.562129142E-02   0.161593709E-01   0.156809228E-02
   0.177534538E-01  -0.290880469E-01  -0.583103927E-02   0.190617123E-01   0.555260411E-03
   0.174913015E-01  -0.294385055E-01  -0.556067113E-03   0.263290657E-01   0.137094516E-02
   0.170251215E-01  -0.300617190E-01   0.964177276E-02   0.385002839E-01   0.106980343E-02
   0.161961232E-01  -0.311699667E-01   0.287599937E-01   0.589875901E-01   0.963757190E-03
   0.147219325E-01  -0.331407408E-01   0.633561302E-01   0.908477121E-01   0.101006428E-02
   0.121004097E-01  -0.366453277E-01   0.124242710E+00   0.134774009E+00   0.257827994E-02
   0.743860950E-02  -0.428774624E-01   0.223374726E+00   0.182773429E+00   0.226029495E-01
  -0.851373600E-03  -0.539599394E-01   0.361804662E+00   0.215037087E+00   0.465832139E-01
  -0.984810000E-05   0.173650000E-05   0.305163258E+00   0.154669580E+01   0.143011372E+01
  -0.175126000E-04   0.308790000E-05   0.323189321E+00   0.165689438E+01   0.143268229E+01
  -0.311424000E-04   0.549120000E-05   0.344017345E+00   0.179057489E+01   0.148228258E+01
  -0.553798000E-04   0.976500000E-05   0.364602381E+00   0.192696640E+01   0.152766253E+01
  -0.984808000E-04   0.173648000E-04   0.345307832E+00   0.189236829E+01   0.105742445E+01
  -0.175126300E-03   0.308795000E-04   0.384407324E+00   0.211800470E+01   0.310706213E+00
  -0.311423600E-03   0.549124000E-04   0.392470746E+00   0.210316912E+01   0.316786886E-03
  -0.553798100E-03   0.976495000E-04   0.405061064E+00   0.206913474E+01   0.361184204E-03
  -0.984807800E-03   0.173648200E-03   0.426087904E+00   0.201190076E+01   0.269362763E-03
  -0.175126340E-02   0.308795000E-03   0.459724789E+00   0.191946792E+01   0.194797801E-03
  -0.311423560E-02   0.549123800E-03   0.510047788E+00   0.177903113E+01   0.195673294E-03
  -0.553798100E-02   0.976495500E-03   0.578605551E+00   0.158416952E+01   0.260067622E-03
  -0.984807750E-02   0.173648180E-02   0.661521031E+00   0.134358366E+01   0.803873572E-03
  -0.175126335E-01   0.308794980E-02   0.748625880E+00   0.108069457E+01   0.933048402E-02
  -0.311423556E-01   0.549123750E-02   0.828987596E+00   0.826608465E+00   0.447970708E-01
   0.955430324E-01   0.287363623E-01   0.391506857E+00   0.544501465E-02   0.831249085E+00
   0.955429363E-01   0.287441445E-01   0.351999224E+00   0.492568292E-02   0.109407447E+01
   0.955427654E-01   0.287579835E-01   0.525226839E+00   0.686606746E-02   0.227341899E+01
   0.955424616E-01   0.287825930E-01   0.693261948E+00   0.882611012E-02   0.550046564E+01
   0.955419213E-01   0.288263555E-01   0.814969744E+00   0.103714377E-01   0.125024324E+02
   0.955409605E-01   0.289041775E-01   0.920759634E+00   0.118619074E-01   0.260045312E+02
   0.955392519E-01   0.290425668E-01   0.102389293E+01   0.135487540E-01   0.493523889E+02
   0.955362136E-01   0.292886616E-01   0.113901821E+01   0.158594789E-01   0.820785612E+02
   0.955308106E-01   0.297262869E-01   0.129119890E+01   0.197840538E-01   0.107690220E+03
   0.955212025E-01   0.305045070E-01   0.155089103E+01   0.285446583E-01   0.723860703E+02
   0.955041166E-01   0.318883998E-01   0.173548820E+01   0.389465115E-01   0.108590319E+01
   0.954737332E-01   0.343493478E-01   0.172685210E+01   0.461476365E-01   0.728369867E-02
   0.954197031E-01   0.387256010E-01   0.171192921E+01   0.580293269E-01   0.192517482E-01
   0.953236224E-01   0.465078021E-01   0.168383538E+01   0.762015432E-01   0.412127107E-01
   0.951527640E-01   0.603467299E-01   0.163457360E+01   0.100241461E+00   0.472114412E-01
   0.330532624E+00   0.253030260E-02   0.159928393E+00  -0.300332911E-01   0.420246904E+01
   0.330534058E+00   0.253795210E-02   0.238923262E+00  -0.448292805E-01   0.435959033E+01
   0.330536609E+00   0.255155500E-02   0.362306479E+00  -0.679405177E-01   0.497848500E+01
   0.330541145E+00   0.257574480E-02   0.462499669E+00  -0.866997663E-01   0.710508021E+01
   0.330549211E+00   0.261876100E-02   0.548929395E+00  -0.102863101E+00   0.117114147E+02
   0.330563554E+00   0.269525580E-02   0.621469220E+00  -0.116403768E+00   0.208859202E+02
   0.330589060E+00   0.283128500E-02   0.688072162E+00  -0.128778071E+00   0.387173151E+02
   0.330634418E+00   0.307318290E-02   0.713030866E+00  -0.133336231E+00   0.668113333E+02
   0.330715076E+00   0.350334490E-02   0.808923879E+00  -0.150879920E+00   0.120937402E+03
   0.330858509E+00   0.426829310E-02   0.894190407E+00  -0.166041391E+00   0.200304010E+03
   0.331113573E+00   0.562858480E-02   0.100303215E+01  -0.184688290E+00   0.269277719E+03
   0.331567148E+00   0.804756360E-02   0.118649321E+01  -0.214696344E+00   0.196273320E+03
   0.332373730E+00   0.123491837E-01   0.135286891E+01  -0.238516830E+00   0.359131756E+01
   0.333808060E+00   0.199986662E-01   0.135006073E+01  -0.231257932E+00   0.357303277E-01
   0.336358699E+00   0.336015835E-01   0.134386668E+01  -0.218668320E+00   0.522041182E-01
   0.622972315E+00  -0.656280618E-01   0.142070690E+00  -0.378524358E-01   0.943157330E+01
   0.622974319E+00  -0.656205417E-01   0.191013869E+00  -0.508950466E-01   0.951758875E+01
   0.622977884E+00  -0.656071687E-01   0.255847343E+00  -0.681677425E-01   0.100769254E+02
   0.622984224E+00  -0.655833878E-01   0.336918976E+00  -0.897595218E-01   0.116028618E+02
   0.622995497E+00  -0.655410987E-01   0.403874660E+00  -0.107581179E+00   0.151313811E+02
   0.623015543E+00  -0.654658968E-01   0.457081172E+00  -0.121721104E+00   0.223510672E+02
   0.623051192E+00  -0.653321669E-01   0.505762792E+00  -0.134618142E+00   0.366811651E+02
   0.623114585E+00  -0.650943578E-01   0.335526619E+00  -0.892110457E-01   0.589247888E+02
   0.623227316E+00  -0.646714668E-01   0.575668187E+00  -0.152892527E+00   0.104156242E+03
   0.623427784E+00  -0.639194483E-01   0.640468790E+00  -0.169630527E+00   0.190561827E+03
   0.623784270E+00  -0.625821494E-01   0.705784155E+00  -0.185996113E+00   0.319480200E+03
   0.624418203E+00  -0.602040582E-01   0.792454797E+00  -0.206971002E+00   0.446153820E+03
   0.625545513E+00  -0.559751477E-01   0.939641426E+00  -0.241385856E+00   0.370745255E+03
   0.627550184E+00  -0.484549632E-01   0.113126851E+01  -0.282979045E+00   0.295970770E+02
   0.631115051E+00  -0.350819739E-01   0.113264699E+01  -0.275234309E+00   0.564247172E-01
   0.872594799E+00  -0.137039671E+00   0.162257993E+00  -0.493051583E-01   0.145550382E+02
   0.872597069E+00  -0.137032227E+00   0.179619574E+00  -0.545933243E-01   0.148162386E+02
   0.872601107E+00  -0.137018989E+00   0.206418888E+00  -0.627505969E-01   0.154794186E+02
   0.872608286E+00  -0.136995448E+00   0.241904181E+00  -0.735461668E-01   0.168325925E+02
   0.872621054E+00  -0.136953586E+00   0.278627062E+00  -0.846962534E-01   0.199587066E+02
   0.872643758E+00  -0.136879143E+00   0.306975143E+00  -0.932560997E-01   0.262378010E+02
   0.872684133E+00  -0.136746763E+00   0.335253096E+00  -0.101719115E+00   0.388202384E+02
   0.872755931E+00  -0.136511355E+00   0.315081373E+00  -0.954971994E-01   0.468540664E+02
   0.872883607E+00  -0.136092734E+00   0.379657640E+00  -0.114647956E+00   0.896652214E+02
   0.873110652E+00  -0.135348308E+00   0.423349524E+00  -0.126939987E+00   0.171345036E+03
   0.873514400E+00  -0.134024511E+00   0.471327693E+00  -0.139649509E+00   0.307091861E+03
   0.874232378E+00  -0.131670430E+00   0.533706883E+00  -0.155111233E+00   0.493793290E+03
   0.875509143E+00  -0.127484217E+00   0.627336338E+00  -0.176943908E+00   0.642276730E+03
   0.877779587E+00  -0.120039960E+00   0.803899345E+00  -0.217051124E+00   0.488996435E+03
   0.881817071E+00  -0.106801990E+00   0.979299524E+00  -0.250419894E+00   0.171735748E+02
   0.993604511E+00  -0.175189154E+00   0.710639607E-01  -0.128957837E-02   0.291997395E-01
   0.993606399E+00  -0.175181604E+00   0.647973882E-01  -0.106082818E-02   0.448650202E-01
   0.993609755E+00  -0.175168177E+00   0.518545584E-01  -0.193386436E-03   0.867823272E-01
   0.993615723E+00  -0.175144300E+00   0.379075438E-01  -0.853233436E-03   0.296178253E+00
   0.993626337E+00  -0.175101841E+00   0.209614276E-01   0.540461645E-03   0.994623919E+00
   0.993645210E+00  -0.175026336E+00   0.422948462E-01  -0.124640691E-01   0.473564658E+01
   0.993678773E+00  -0.174892067E+00   0.703954088E-01  -0.205437799E-01   0.144422751E+02
   0.993738457E+00  -0.174653300E+00   0.970884166E-01  -0.252538294E-01   0.278229946E+02
   0.993844591E+00  -0.174228706E+00   0.128246166E+00  -0.305739401E-01   0.579716533E+02
   0.994033327E+00  -0.173473658E+00   0.165292561E+00  -0.375842235E-01   0.117463692E+03
   0.994368953E+00  -0.172130971E+00   0.212109860E+00  -0.467547492E-01   0.219606226E+03
   0.994965790E+00  -0.169743300E+00   0.276347531E+00  -0.593037676E-01   0.372953162E+03
   0.996027132E+00  -0.165497353E+00   0.370081003E+00  -0.771673308E-01   0.576193102E+03
   0.997914495E+00  -0.157946873E+00   0.522241253E+00  -0.105324419E+00   0.715129814E+03
   0.100127075E+01  -0.144520011E+00   0.800326151E+00  -0.154133061E+00   0.565170990E+03
