 hih1=   5.818 Number of points =  130
   0.100000000E+00   0.100000000E-05   0.353566972E+00   0.231776237E-06   0.642617517E+01
   0.100000000E+00   0.177830000E-05   0.412706332E+00   0.479458974E-06   0.142814159E+02
   0.100000000E+00   0.316230000E-05   0.465220924E+00   0.960488543E-06   0.285961899E+02
   0.100000000E+00   0.562340000E-05   0.514318079E+00   0.188979605E-05   0.541784848E+02
   0.100000000E+00   0.100000000E-04   0.561372615E+00   0.368027738E-05   0.995075826E+02
   0.100000000E+00   0.177828000E-04   0.607479728E+00   0.712579847E-05   0.179006619E+03
   0.100000000E+00   0.316228000E-04   0.653509077E+00   0.137684718E-04   0.316211476E+03
   0.100000000E+00   0.562341000E-04   0.700109630E+00   0.266673394E-04   0.546468717E+03
   0.100000000E+00   0.100000000E-03   0.748136622E+00   0.520713500E-04   0.913452645E+03
   0.100000000E+00   0.177827900E-03   0.798923068E+00   0.103335839E-03   0.143993330E+04
   0.100000000E+00   0.316227800E-03   0.854867821E+00   0.210731178E-03   0.200886519E+04
   0.100000000E+00   0.562341300E-03   0.920861319E+00   0.453233838E-03   0.203370929E+04
   0.100000000E+00   0.100000000E-02   0.989591726E+00   0.918129969E-03   0.515401299E+03
   0.200000000E+00   0.100000000E-05   0.333608393E+00   0.105320570E-06   0.601322842E+01
   0.200000000E+00   0.177830000E-05   0.390829439E+00   0.218602948E-06   0.135098779E+02
   0.200000000E+00   0.316230000E-05   0.441383715E+00   0.438506316E-06   0.272243367E+02
   0.200000000E+00   0.562340000E-05   0.488473909E+00   0.862982663E-06   0.517999813E+02
   0.200000000E+00   0.100000000E-04   0.533461251E+00   0.167923490E-05   0.955441239E+02
   0.200000000E+00   0.177828000E-04   0.577372279E+00   0.324411815E-05   0.172915205E+03
   0.200000000E+00   0.316228000E-04   0.620953263E+00   0.624113074E-05   0.308535696E+03
   0.200000000E+00   0.562341000E-04   0.664654979E+00   0.119960625E-04   0.542725237E+03
   0.200000000E+00   0.100000000E-03   0.708992170E+00   0.231259073E-04   0.936627337E+03
   0.200000000E+00   0.177827900E-03   0.754693385E+00   0.449397048E-04   0.156789776E+04
   0.200000000E+00   0.316227800E-03   0.802928429E+00   0.886477436E-04   0.248594640E+04
   0.200000000E+00   0.562341300E-03   0.855790556E+00   0.179692534E-03   0.352664110E+04
   0.200000000E+00   0.100000000E-02   0.917512284E+00   0.379699183E-03   0.375584366E+04
   0.300000000E+00   0.100000000E-05   0.322710985E+00   0.659624562E-07   0.578787086E+01
   0.300000000E+00   0.177830000E-05   0.378883422E+00   0.137193921E-06   0.130850787E+02
   0.300000000E+00   0.316230000E-05   0.428371556E+00   0.275443930E-06   0.264633521E+02
   0.300000000E+00   0.562340000E-05   0.474377907E+00   0.542233899E-06   0.504617652E+02
   0.300000000E+00   0.100000000E-04   0.518264471E+00   0.105489453E-05   0.932472054E+02
   0.300000000E+00   0.177828000E-04   0.561033737E+00   0.203633859E-05   0.169147430E+03
   0.300000000E+00   0.316228000E-04   0.603387311E+00   0.391121737E-05   0.302915738E+03
   0.300000000E+00   0.562341000E-04   0.645706474E+00   0.749638429E-05   0.536211881E+03
   0.300000000E+00   0.100000000E-03   0.688387785E+00   0.143843876E-04   0.935791372E+03
   0.300000000E+00   0.177827900E-03   0.731958580E+00   0.277489527E-04   0.159834674E+04
   0.300000000E+00   0.316227800E-03   0.777232286E+00   0.541117028E-04   0.263199011E+04
   0.300000000E+00   0.562341300E-03   0.825572195E+00   0.107602243E-03   0.404899005E+04
   0.300000000E+00   0.100000000E-02   0.879505731E+00   0.220825753E-03   0.536883294E+04
   0.400000000E+00   0.100000000E-05   0.315255604E+00   0.478473500E-07   0.563384745E+01
   0.400000000E+00   0.177830000E-05   0.370709459E+00   0.996692888E-07   0.127931859E+02
   0.400000000E+00   0.316230000E-05   0.419469049E+00   0.200248180E-06   0.259385828E+02
   0.400000000E+00   0.562340000E-05   0.464737156E+00   0.394343009E-06   0.495329535E+02
   0.400000000E+00   0.100000000E-04   0.507879044E+00   0.767239243E-06   0.916317976E+02
   0.400000000E+00   0.177828000E-04   0.549885203E+00   0.148072205E-05   0.166423629E+03
   0.400000000E+00   0.316228000E-04   0.591434104E+00   0.284213503E-05   0.298595647E+03
   0.400000000E+00   0.562341000E-04   0.632871736E+00   0.543980591E-05   0.530256446E+03
   0.400000000E+00   0.100000000E-03   0.674533793E+00   0.104114723E-04   0.930656104E+03
   0.400000000E+00   0.177827900E-03   0.716843571E+00   0.199956499E-04   0.160580620E+04
   0.400000000E+00   0.316227800E-03   0.760434652E+00   0.387103109E-04   0.269390389E+04
   0.400000000E+00   0.562341300E-03   0.806341935E+00   0.760044656E-04   0.429747931E+04
   0.400000000E+00   0.100000000E-02   0.856396224E+00   0.153217544E-03   0.619658103E+04
   0.500000000E+00   0.100000000E-05   0.309682447E+00   0.378163360E-07   0.551815530E+01
   0.500000000E+00   0.177830000E-05   0.364596206E+00   0.788609255E-07   0.125731757E+02
   0.500000000E+00   0.316230000E-05   0.412808851E+00   0.158545619E-06   0.255423258E+02
   0.500000000E+00   0.562340000E-05   0.457523477E+00   0.312354831E-06   0.488292971E+02
   0.500000000E+00   0.100000000E-04   0.500109004E+00   0.607832332E-06   0.903997277E+02
   0.500000000E+00   0.177828000E-04   0.541548706E+00   0.117285760E-05   0.164317585E+03
   0.500000000E+00   0.316228000E-04   0.582506586E+00   0.224950352E-05   0.295158288E+03
   0.500000000E+00   0.562341000E-04   0.623306879E+00   0.429840705E-05   0.525180385E+03
   0.500000000E+00   0.100000000E-03   0.664247275E+00   0.820227442E-05   0.924965655E+03
   0.500000000E+00   0.177827900E-03   0.705685834E+00   0.156758200E-04   0.160601199E+04
   0.500000000E+00   0.316227800E-03   0.748144771E+00   0.301267468E-04   0.272498605E+04
   0.500000000E+00   0.562341300E-03   0.792463800E+00   0.585693278E-04   0.444079185E+04
   0.500000000E+00   0.100000000E-02   0.840090512E+00   0.116236804E-03   0.669809874E+04
   0.600000000E+00   0.100000000E-05   0.305242473E+00   0.299192363E-07   0.542595854E+01
   0.600000000E+00   0.177830000E-05   0.359724545E+00   0.624546195E-07   0.123973881E+02
   0.600000000E+00   0.316230000E-05   0.407500371E+00   0.125616532E-06   0.252255381E+02
   0.600000000E+00   0.562340000E-05   0.451772972E+00   0.247529600E-06   0.482664269E+02
   0.600000000E+00   0.100000000E-04   0.493914463E+00   0.481701852E-06   0.894129190E+02
   0.600000000E+00   0.177828000E-04   0.534902828E+00   0.929376025E-06   0.162625698E+03
   0.600000000E+00   0.316228000E-04   0.575391508E+00   0.178204344E-05   0.292376115E+03
   0.600000000E+00   0.562341000E-04   0.615689549E+00   0.340376492E-05   0.520985926E+03
   0.600000000E+00   0.100000000E-03   0.656068968E+00   0.649173897E-05   0.919893071E+03
   0.600000000E+00   0.177827900E-03   0.696845267E+00   0.124001955E-04   0.160426331E+04
   0.600000000E+00   0.316227800E-03   0.738470099E+00   0.238199555E-04   0.274326344E+04
   0.600000000E+00   0.562341300E-03   0.781661570E+00   0.462671615E-04   0.453441119E+04
   0.600000000E+00   0.100000000E-02   0.827627614E+00   0.916287393E-04   0.703893898E+04
   0.700000000E+00   0.100000000E-05   0.301538085E+00   0.258344967E-07   0.534908973E+01
   0.700000000E+00   0.177830000E-05   0.355659739E+00   0.539751234E-07   0.122503879E+02
   0.700000000E+00   0.316230000E-05   0.403071519E+00   0.108605767E-06   0.249600732E+02
   0.700000000E+00   0.562340000E-05   0.446976472E+00   0.214056900E-06   0.477929566E+02
   0.700000000E+00   0.100000000E-04   0.488750183E+00   0.416605294E-06   0.885765760E+02
   0.700000000E+00   0.177828000E-04   0.529367504E+00   0.803765407E-06   0.161170536E+03
   0.700000000E+00   0.316228000E-04   0.569475077E+00   0.154085576E-05   0.289913546E+03
   0.700000000E+00   0.562341000E-04   0.609372227E+00   0.294131770E-05   0.517046498E+03
   0.700000000E+00   0.100000000E-03   0.649313351E+00   0.560214742E-05   0.914358748E+03
   0.700000000E+00   0.177827900E-03   0.689582426E+00   0.106714392E-04   0.159916971E+04
   0.700000000E+00   0.316227800E-03   0.730575342E+00   0.203946206E-04   0.274898090E+04
   0.700000000E+00   0.562341300E-03   0.772912714E+00   0.392855530E-04   0.458862107E+04
   0.700000000E+00   0.100000000E-02   0.817631991E+00   0.767902876E-04   0.726014173E+04
   0.800000000E+00   0.100000000E-05   0.298424202E+00   0.211071458E-07   0.528456943E+01
   0.800000000E+00   0.177830000E-05   0.352242291E+00   0.441310303E-07   0.121267846E+02
   0.800000000E+00   0.316230000E-05   0.399347559E+00   0.888281279E-07   0.247369142E+02
   0.800000000E+00   0.562340000E-05   0.442942685E+00   0.175109117E-06   0.473953939E+02
   0.800000000E+00   0.100000000E-04   0.484405993E+00   0.340844201E-06   0.878760321E+02
   0.800000000E+00   0.177828000E-04   0.524709393E+00   0.657667179E-06   0.159957367E+03
   0.800000000E+00   0.316228000E-04   0.564493422E+00   0.126098068E-05   0.287877735E+03
   0.800000000E+00   0.562341000E-04   0.604049019E+00   0.240786182E-05   0.513836864E+03
   0.800000000E+00   0.100000000E-03   0.643616459E+00   0.458933509E-05   0.909964881E+03
   0.800000000E+00   0.177827900E-03   0.683456543E+00   0.875405686E-05   0.159538966E+04
   0.800000000E+00   0.316227800E-03   0.723927342E+00   0.167682920E-04   0.275421090E+04
   0.800000000E+00   0.562341300E-03   0.765585928E+00   0.323981911E-04   0.463235490E+04
   0.800000000E+00   0.100000000E-02   0.809352490E+00   0.634906029E-04   0.743599452E+04
   0.900000000E+00   0.100000000E-05   0.295809645E+00   0.183153802E-07   0.523037489E+01
   0.900000000E+00   0.177830000E-05   0.349372949E+00   0.383116236E-07   0.120226741E+02
   0.900000000E+00   0.316230000E-05   0.396221424E+00   0.771199467E-07   0.245484590E+02
   0.900000000E+00   0.562340000E-05   0.439557578E+00   0.152003912E-06   0.470581168E+02
   0.900000000E+00   0.100000000E-04   0.480762564E+00   0.295742708E-06   0.872767645E+02
   0.900000000E+00   0.177828000E-04   0.520806557E+00   0.570148240E-06   0.158904319E+03
   0.900000000E+00   0.316228000E-04   0.560325924E+00   0.109164535E-05   0.286065661E+03
   0.900000000E+00   0.562341000E-04   0.599605548E+00   0.207978178E-05   0.510851177E+03
   0.900000000E+00   0.100000000E-03   0.638874286E+00   0.394998922E-05   0.905506222E+03
   0.900000000E+00   0.177827900E-03   0.678372191E+00   0.749548230E-05   0.159034559E+04
   0.900000000E+00   0.316227800E-03   0.718421161E+00   0.142577188E-04   0.275448677E+04
   0.900000000E+00   0.562341300E-03   0.759517788E+00   0.273238621E-04   0.466072825E+04
   0.900000000E+00   0.100000000E-02   0.802482296E+00   0.531585312E-04   0.756554479E+04
   0.100000000E+01   0.100000000E-05   0.329512146E+00  -0.136575207E-02   0.142545204E+02
   0.100000000E+01   0.177830000E-05   0.365308521E+00  -0.166893429E-02   0.211665512E+02
   0.100000000E+01   0.316230000E-05   0.403219188E+00  -0.187394834E-02   0.319726666E+02
   0.100000000E+01   0.562340000E-05   0.443573178E+00  -0.194597317E-02   0.513680506E+02
   0.100000000E+01   0.100000000E-04   0.483701396E+00  -0.194316770E-02   0.895437788E+02
   0.100000000E+01   0.177828000E-04   0.522644317E+00  -0.193411428E-02   0.160964770E+03
   0.100000000E+01   0.316228000E-04   0.561242472E+00  -0.188451979E-02   0.287654637E+03
   0.100000000E+01   0.562341000E-04   0.599790228E+00  -0.174375609E-02   0.511304587E+03
   0.100000000E+01   0.100000000E-03   0.638352163E+00  -0.154486403E-02   0.904789480E+03
   0.100000000E+01   0.177827900E-03   0.677103422E+00  -0.133367759E-02   0.158896783E+04
   0.100000000E+01   0.316227800E-03   0.716353321E+00  -0.115969136E-02   0.275609686E+04
   0.100000000E+01   0.562341300E-03   0.756572796E+00  -0.101444219E-02   0.468073152E+04
   0.100000000E+01   0.100000000E-02   0.798510535E+00  -0.885841745E-03   0.765739428E+04
