 hih1=   2.286 Number of points =  165
   0.966728435E+00  -0.584443850E-02   0.205536639E+00   0.275778474E-01   0.766857705E+01
   0.966729474E+00  -0.585215160E-02   0.229123022E+00   0.307461699E-01   0.796543537E+01
   0.966731322E+00  -0.586586760E-02   0.261046881E+00   0.350252178E-01   0.858764974E+01
   0.966734608E+00  -0.589025860E-02   0.313578690E+00   0.420633518E-01   0.981386329E+01
   0.966740452E+00  -0.593363260E-02   0.367725281E+00   0.492852219E-01   0.132331125E+02
   0.966750843E+00  -0.601076380E-02   0.403173337E+00   0.539408515E-01   0.206687815E+02
   0.966769322E+00  -0.614792440E-02   0.396760245E+00   0.530342772E-01   0.232459513E+02
   0.966802182E+00  -0.639183440E-02   0.457674791E+00   0.608575507E-01   0.448872163E+02
   0.966860617E+00  -0.682557450E-02   0.507038571E+00   0.668034466E-01   0.809627508E+02
   0.966964531E+00  -0.759688550E-02   0.559091880E+00   0.725303813E-01   0.138799779E+03
   0.967149319E+00  -0.896849210E-02   0.620183189E+00   0.784471625E-01   0.217886138E+03
   0.967477924E+00  -0.114075918E-01   0.697984277E+00   0.848158798E-01   0.300894923E+03
   0.968062275E+00  -0.157449926E-01   0.801270531E+00   0.915405879E-01   0.329669123E+03
   0.969101414E+00  -0.234581031E-01   0.918944364E+00   0.959430816E-01   0.151447017E+03
   0.970949294E+00  -0.371741687E-01   0.941602881E+00   0.875864443E-01   0.986802878E-02
   0.765671056E+00  -0.299652641E-01   0.284055611E+00   0.302095532E-01   0.152124524E+02
   0.765671878E+00  -0.299730034E-01   0.316060612E+00   0.335984847E-01   0.155626502E+02
   0.765673339E+00  -0.299867660E-01   0.360858426E+00   0.383330485E-01   0.161493397E+02
   0.765675938E+00  -0.300112397E-01   0.448858293E+00   0.476426757E-01   0.177630270E+02
   0.765680560E+00  -0.300547608E-01   0.502949854E+00   0.533520477E-01   0.219707818E+02
   0.765688779E+00  -0.301321536E-01   0.538234535E+00   0.570668655E-01   0.293956570E+02
   0.765703394E+00  -0.302697796E-01   0.576238867E+00   0.610445373E-01   0.425087232E+02
   0.765729384E+00  -0.305145170E-01   0.580356264E+00   0.614655703E-01   0.492301005E+02
   0.765775602E+00  -0.309497285E-01   0.646619770E+00   0.683206501E-01   0.855864098E+02
   0.765857790E+00  -0.317236561E-01   0.708633127E+00   0.745685037E-01   0.139676489E+03
   0.766003943E+00  -0.330999157E-01   0.778667552E+00   0.813473792E-01   0.205294891E+03
   0.766263843E+00  -0.355472899E-01   0.865838584E+00   0.892852910E-01   0.253326787E+03
   0.766726019E+00  -0.398994049E-01   0.973469851E+00   0.981200970E-01   0.203477010E+03
   0.767547896E+00  -0.476386814E-01   0.102882722E+01   0.100676849E+00   0.103432458E-01
   0.769009425E+00  -0.614012775E-01   0.102769383E+01   0.965318580E-01   0.992196230E-02
   0.473497570E+00  -0.545438538E-01   0.319505658E+00   0.184331120E-01   0.107320268E+02
   0.473498013E+00  -0.545516239E-01   0.350005165E+00   0.201386277E-01   0.110967257E+02
   0.473498802E+00  -0.545654414E-01   0.442961609E+00   0.253810879E-01   0.119144772E+02
   0.473500204E+00  -0.545900128E-01   0.515476446E+00   0.294528431E-01   0.136367895E+02
   0.473502697E+00  -0.546337076E-01   0.580016646E+00   0.330862791E-01   0.188029545E+02
   0.473507131E+00  -0.547114091E-01   0.625130875E+00   0.356141215E-01   0.275703660E+02
   0.473515015E+00  -0.548495842E-01   0.614609210E+00   0.350354403E-01   0.298517905E+02
   0.473529036E+00  -0.550952980E-01   0.696801928E+00   0.396002785E-01   0.531244763E+02
   0.473553969E+00  -0.555322459E-01   0.766082166E+00   0.433558254E-01   0.864040568E+02
   0.473598308E+00  -0.563092613E-01   0.841768550E+00   0.472920906E-01   0.127383960E+03
   0.473677153E+00  -0.576910119E-01   0.932779128E+00   0.516901461E-01   0.159563454E+03
   0.473817363E+00  -0.601481504E-01   0.104273123E+01   0.563260655E-01   0.136625867E+03
   0.474066694E+00  -0.645176292E-01   0.110854825E+01   0.579958080E-01   0.153451503E-01
   0.474510076E+00  -0.722877835E-01   0.110654959E+01   0.560136298E-01   0.986235425E-02
   0.475298532E+00  -0.861052888E-01   0.110313823E+01   0.526425748E-01   0.993225525E-02
   0.192978671E+00  -0.569616902E-01   0.418755019E+00  -0.270401589E-01   0.104106009E+02
   0.192978181E+00  -0.569694576E-01   0.483236110E+00  -0.310252417E-01   0.108582576E+02
   0.192977310E+00  -0.569832701E-01   0.563074021E+00  -0.359089665E-01   0.117327151E+02
   0.192975762E+00  -0.570078327E-01   0.641132927E+00  -0.407259566E-01   0.141867219E+02
   0.192973008E+00  -0.570515119E-01   0.700542349E+00  -0.444176192E-01   0.198100462E+02
   0.192968111E+00  -0.571291856E-01   0.411499374E+00  -0.269080443E-01   0.179818219E+02
   0.192959403E+00  -0.572673112E-01   0.756698211E+00  -0.480962214E-01   0.300973882E+02
   0.192943918E+00  -0.575129371E-01   0.849014456E+00  -0.540301390E-01   0.476620595E+02
   0.192916381E+00  -0.579497287E-01   0.944481430E+00  -0.604120092E-01   0.651577899E+02
   0.192867413E+00  -0.587264660E-01   0.105476339E+01  -0.682032387E-01   0.689557658E+02
   0.192780334E+00  -0.601077221E-01   0.116101506E+01  -0.763464340E-01   0.266117313E+02
   0.192625482E+00  -0.625639813E-01   0.117207991E+01  -0.775982839E-01   0.972449365E-02
   0.192350113E+00  -0.669318966E-01   0.116811273E+01  -0.779093922E-01   0.991118501E-02
   0.191860430E+00  -0.746992703E-01   0.116126811E+01  -0.782226023E-01   0.991672500E-02
   0.190989636E+00  -0.885118310E-01   0.114970471E+01  -0.781017306E-01   0.993237955E-02
   0.227838417E-01  -0.250702561E-01   0.688698894E+00  -0.349768445E+00   0.594701054E+00
   0.227803329E-01  -0.250772031E-01   0.714085647E+00  -0.362385332E+00   0.853214909E+00
   0.227740934E-01  -0.250895568E-01   0.724751406E+00  -0.366896828E+00   0.148581209E+01
   0.227629978E-01  -0.251115251E-01   0.792400628E+00  -0.400669959E+00   0.294635504E+01
   0.227432667E-01  -0.251505908E-01   0.832780311E+00  -0.420497561E+00   0.433220051E+01
   0.227081793E-01  -0.252200607E-01   0.883118160E+00  -0.445100217E+00   0.565341463E+01
   0.226457840E-01  -0.253435975E-01   0.939545499E+00  -0.473060585E+00   0.428670393E+01
   0.225348279E-01  -0.255632805E-01   0.968072436E+00  -0.486386090E+00   0.105805650E-01
   0.223375169E-01  -0.259539383E-01   0.960336611E+00  -0.482495338E+00   0.233096510E+01
   0.219866427E-01  -0.266486369E-01   0.965880619E+00  -0.480821958E+00   0.945154557E-02
   0.213626905E-01  -0.278840051E-01   0.957884185E+00  -0.468338481E+00   0.988071114E-02
   0.202531290E-01  -0.300808351E-01   0.946370229E+00  -0.447147664E+00   0.994610673E-02
   0.182800187E-01  -0.339874125E-01   0.931716450E+00  -0.410826913E+00   0.994596669E-02
   0.147712773E-01  -0.409343987E-01   0.918941470E+00  -0.354769182E+00   0.993953630E-02
   0.853175460E-02  -0.532880813E-01   0.917531650E+00  -0.281935047E+00   0.993047348E-02
  -0.100000000E-04   0.000000000E+00   0.264326834E-02   0.547568939E-04   0.101911594E-03
  -0.177828000E-04   0.000000000E+00   0.328683626E-02   0.621784290E-04   0.156343123E-03
  -0.316228000E-04   0.000000000E+00   0.447154084E-02   0.686770616E-04   0.299916032E-03
  -0.562341000E-04   0.000000000E+00   0.655274989E-02   0.756371142E-04   0.568561855E-03
  -0.100000000E-03   0.000000000E+00   0.101595502E-01   0.763425404E-04   0.117365188E-02
  -0.177827900E-03   0.000000000E+00   0.163942249E-01   0.714597511E-04   0.340791707E-02
  -0.316227800E-03   0.000000000E+00   0.272219298E-01   0.632270732E-04   0.685862348E-02
  -0.562341300E-03   0.000000000E+00   0.457721166E-01   0.510312465E-04   0.887136007E-02
  -0.100000000E-02   0.000000000E+00   0.767380409E-01   0.348444627E-04   0.963809752E-02
  -0.177827940E-02   0.000000000E+00   0.126329560E+00   0.171341799E-04   0.989977373E-02
  -0.316227770E-02   0.000000000E+00   0.200827738E+00   0.340301479E-05   0.996926932E-02
  -0.562341330E-02   0.000000000E+00   0.302867402E+00  -0.186092006E-05   0.996035140E-02
  -0.100000000E-01   0.000000000E+00   0.427371510E+00  -0.114162971E-05   0.994659808E-02
  -0.177827941E-01   0.000000000E+00   0.560221846E+00   0.463253317E-07   0.993679035E-02
  -0.316227766E-01   0.000000000E+00   0.685067073E+00   0.408301123E-06   0.993266544E-02
   0.891015021E-01   0.448906659E-01   0.560471894E+00   0.107553981E+00   0.149786723E+02
   0.891000561E-01   0.448983132E-01   0.628343264E+00   0.120183231E+00   0.153481232E+02
   0.890974847E-01   0.449119122E-01   0.697899134E+00   0.133027689E+00   0.156117042E+02
   0.890929120E-01   0.449360950E-01   0.762019411E+00   0.144982973E+00   0.173984477E+02
   0.890847806E-01   0.449790989E-01   0.814462702E+00   0.154838823E+00   0.211149100E+02
   0.890703206E-01   0.450555717E-01   0.865939676E+00   0.164587529E+00   0.255730326E+02
   0.890446066E-01   0.451915618E-01   0.928905831E+00   0.176630474E+00   0.304455083E+02
   0.889988801E-01   0.454333902E-01   0.918958284E+00   0.175322695E+00   0.242463526E+02
   0.889175656E-01   0.458634286E-01   0.105538212E+01   0.201545054E+00   0.255943023E+02
   0.887729656E-01   0.466281571E-01   0.114485791E+01   0.218955532E+00   0.101410278E+02
   0.885158264E-01   0.479880581E-01   0.115726460E+01   0.221103573E+00   0.958153973E-02
   0.880585610E-01   0.504063419E-01   0.115220433E+01   0.219352672E+00   0.987460385E-02
   0.872454155E-01   0.547067263E-01   0.114342272E+01   0.215912318E+00   0.993274806E-02
   0.857994156E-01   0.623540114E-01   0.112908360E+01   0.209037049E+00   0.992899166E-02
   0.832280237E-01   0.759530209E-01   0.110746013E+01   0.195298052E+00   0.993353764E-02
   0.325071708E+00   0.598882494E-01   0.340401652E+00  -0.409864593E-02   0.148005812E+01
   0.325071792E+00   0.598960318E-01   0.360152298E+00  -0.428428940E-02   0.181375057E+01
   0.325071942E+00   0.599098709E-01   0.427254199E+00  -0.494554560E-02   0.260656259E+01
   0.325072209E+00   0.599344808E-01   0.421112280E+00  -0.473657068E-02   0.414007327E+01
   0.325072682E+00   0.599782441E-01   0.566132661E+00  -0.615198162E-02   0.889404406E+01
   0.325073524E+00   0.600560675E-01   0.641129085E+00  -0.689622220E-02   0.185301534E+02
   0.325075022E+00   0.601944593E-01   0.705468372E+00  -0.751777509E-02   0.329070509E+02
   0.325077685E+00   0.604405584E-01   0.772121259E+00  -0.811000755E-02   0.541228139E+02
   0.325082421E+00   0.608781915E-01   0.846644682E+00  -0.866383220E-02   0.817563383E+02
   0.325090843E+00   0.616564253E-01   0.935043546E+00  -0.909160000E-02   0.108223758E+03
   0.325105819E+00   0.630403425E-01   0.104276205E+01  -0.913634435E-02   0.109856090E+03
   0.325132451E+00   0.655013340E-01   0.114288193E+01  -0.833583269E-02   0.300363037E+02
   0.325179810E+00   0.698776645E-01   0.114570398E+01  -0.728393348E-02   0.990194480E-02
   0.325264028E+00   0.776600029E-01   0.114211563E+01  -0.555710423E-02   0.989275155E-02
   0.325413790E+00   0.914991751E-01   0.113589103E+01  -0.279127069E-02   0.993275830E-02
   0.624904159E+00   0.435469831E-01   0.304976362E+00  -0.263868312E-01   0.147903802E+02
   0.624904827E+00   0.435547371E-01   0.341640502E+00  -0.295326426E-01   0.151605827E+02
   0.624906016E+00   0.435685260E-01   0.393522871E+00  -0.339722251E-01   0.157740577E+02
   0.624908129E+00   0.435930464E-01   0.483923775E+00  -0.417132167E-01   0.174015712E+02
   0.624911887E+00   0.436366506E-01   0.544445591E+00  -0.468927488E-01   0.221076691E+02
   0.624918571E+00   0.437141911E-01   0.582024446E+00  -0.500995746E-01   0.297974096E+02
   0.624930455E+00   0.438520796E-01   0.379268621E+00  -0.327504941E-01   0.288828485E+02
   0.624951590E+00   0.440972841E-01   0.631948736E+00  -0.543299894E-01   0.509930650E+02
   0.624989173E+00   0.445333261E-01   0.701781590E+00  -0.601795919E-01   0.867485723E+02
   0.625056006E+00   0.453087306E-01   0.769596356E+00  -0.657081659E-01   0.136343834E+03
   0.625174854E+00   0.466876165E-01   0.848041433E+00  -0.718289605E-01   0.188598173E+03
   0.625386199E+00   0.491396609E-01   0.946008361E+00  -0.789437035E-01   0.207633728E+03
   0.625762030E+00   0.535000809E-01   0.105207788E+01  -0.855912976E-01   0.100281034E+03
   0.626430362E+00   0.612541260E-01   0.106782806E+01  -0.847019685E-01   0.982343217E-02
   0.627618844E+00   0.750429849E-01   0.106587071E+01  -0.811664384E-01   0.993142120E-02
   0.883134812E+00   0.165667663E-01   0.258247908E+00  -0.315210234E-01   0.127309925E+02
   0.883135755E+00   0.165744917E-01   0.274427459E+00  -0.334839542E-01   0.130632150E+02
   0.883137432E+00   0.165882297E-01   0.335878891E+00  -0.409658252E-01   0.137017212E+02
   0.883140415E+00   0.166126596E-01   0.395076833E+00  -0.481639496E-01   0.150610355E+02
   0.883145719E+00   0.166561029E-01   0.449252147E+00  -0.547380333E-01   0.189307760E+02
   0.883155152E+00   0.167333571E-01   0.486957911E+00  -0.592896830E-01   0.268067565E+02
   0.883171925E+00   0.168707368E-01   0.325219204E+00  -0.396105320E-01   0.263178406E+02
   0.883201753E+00   0.171150362E-01   0.529573747E+00  -0.643594921E-01   0.473808690E+02
   0.883254794E+00   0.175494688E-01   0.588816812E+00  -0.713069058E-01   0.837887214E+02
   0.883349118E+00   0.183220113E-01   0.645153824E+00  -0.776545438E-01   0.140406237E+03
   0.883516851E+00   0.196958078E-01   0.709234492E+00  -0.844831064E-01   0.214410510E+03
   0.883815127E+00   0.221388018E-01   0.789419177E+00  -0.923937685E-01   0.283019126E+03
   0.884345545E+00   0.264831278E-01   0.893065094E+00  -0.101513805E+00   0.277310842E+03
   0.885288776E+00   0.342085533E-01   0.984855931E+00  -0.107145745E+00   0.313756180E+02
   0.886966106E+00   0.479465182E-01   0.986217308E+00  -0.101195696E+00   0.990309816E-02
   0.100893070E+01   0.997530000E-05   0.851651657E-01  -0.663162031E-03   0.912770385E+01
   0.100893125E+01   0.177389000E-04   0.856332138E-01  -0.116293640E-02   0.917155363E+01
   0.100893222E+01   0.315446000E-04   0.869062253E-01  -0.198941334E-02   0.928749806E+01
   0.100893395E+01   0.560952000E-04   0.103352138E+00  -0.573303456E-02   0.957582504E+01
   0.100893703E+01   0.997529000E-04   0.116806701E+00  -0.798997681E-02   0.104059614E+02
   0.100894249E+01   0.177388500E-03   0.207537028E+00  -0.201964271E-01   0.134914181E+02
   0.100895222E+01   0.315446300E-03   0.262778202E+00  -0.249529719E-01   0.234749334E+02
   0.100896951E+01   0.560951700E-03   0.311007950E+00  -0.279488402E-01   0.417499416E+02
   0.100900026E+01   0.997528900E-03   0.363772697E+00  -0.312261664E-01   0.743693680E+02
   0.100905494E+01   0.177388510E-02   0.426088479E+00  -0.350374474E-01   0.128212959E+03
   0.100915217E+01   0.315446340E-02   0.500932846E+00  -0.394181833E-01   0.206526832E+03
   0.100932509E+01   0.560951730E-02   0.593445092E+00  -0.446254201E-01   0.299102975E+03
   0.100963257E+01   0.997528900E-02   0.712945177E+00  -0.510454392E-01   0.358621400E+03
   0.101017937E+01   0.177388511E-01   0.859202286E+00  -0.578178957E-01   0.242069912E+03
   0.101115173E+01   0.315446337E-01   0.920746608E+00  -0.582953503E-01   0.990393879E-02
