 hih1=   1.455 Number of points =  130
   0.100000000E+00   0.100000000E-04   0.171556913E+00   0.130842120E-05   0.244371775E-01
   0.100000000E+00   0.177828000E-04   0.293902019E+00   0.399017163E-05   0.220436863E+00
   0.100000000E+00   0.316228000E-04   0.434534647E+00   0.105203336E-04   0.161836098E+01
   0.100000000E+00   0.562341000E-04   0.527591898E+00   0.231222017E-04   0.655462766E+01
   0.100000000E+00   0.100000000E-03   0.593908909E+00   0.480204641E-04   0.147442742E+02
   0.100000000E+00   0.177827900E-03   0.656747964E+00   0.998158935E-04   0.256688597E+02
   0.100000000E+00   0.316227800E-03   0.724793890E+00   0.212765056E-03   0.393447611E+02
   0.100000000E+00   0.562341300E-03   0.803916513E+00   0.470737076E-03   0.526933342E+02
   0.100000000E+00   0.100000000E-02   0.898802383E+00   0.106553245E-02   0.550986371E+02
   0.100000000E+00   0.177827940E-02   0.991374269E+00   0.213039041E-02   0.205104382E+02
   0.100000000E+00   0.316227770E-02   0.100026768E+01   0.226107901E-02   0.950673641E-02
   0.100000000E+00   0.562341330E-02   0.100025836E+01   0.224671572E-02   0.979479640E-02
   0.100000000E+00   0.100000000E-01   0.100024257E+01   0.222064316E-02   0.988469410E-02
   0.200000000E+00   0.100000000E-04   0.154567045E+00   0.581954785E-06   0.198730239E-01
   0.200000000E+00   0.177828000E-04   0.266450435E+00   0.178530381E-05   0.181021033E+00
   0.200000000E+00   0.316228000E-04   0.401461727E+00   0.478795358E-05   0.138546250E+01
   0.200000000E+00   0.562341000E-04   0.492871531E+00   0.105137018E-04   0.608407720E+01
   0.200000000E+00   0.100000000E-03   0.555250516E+00   0.213504771E-04   0.144907714E+02
   0.200000000E+00   0.177827900E-03   0.611934885E+00   0.428129183E-04   0.266396148E+02
   0.200000000E+00   0.316227800E-03   0.670340619E+00   0.868340960E-04   0.443921105E+02
   0.200000000E+00   0.562341300E-03   0.734363965E+00   0.181592284E-03   0.678421168E+02
   0.200000000E+00   0.100000000E-02   0.808558508E+00   0.396286321E-03   0.917577439E+02
   0.200000000E+00   0.177827940E-02   0.897234460E+00   0.892159543E-03   0.984555711E+02
   0.200000000E+00   0.316227770E-02   0.987736820E+00   0.182566881E-02   0.450203496E+02
   0.200000000E+00   0.562341330E-02   0.100060089E+01   0.200857916E-02   0.966292688E-02
   0.200000000E+00   0.100000000E-01   0.100059294E+01   0.200001947E-02   0.984492679E-02
   0.300000000E+00   0.100000000E-04   0.145542386E+00   0.359992710E-06   0.176347621E-01
   0.300000000E+00   0.177828000E-04   0.251688484E+00   0.110773100E-05   0.161375382E+00
   0.300000000E+00   0.316228000E-04   0.383328507E+00   0.300197009E-05   0.125936618E+01
   0.300000000E+00   0.562341000E-04   0.474217298E+00   0.662338441E-05   0.576695446E+01
   0.300000000E+00   0.100000000E-03   0.535049158E+00   0.133858022E-04   0.141305604E+02
   0.300000000E+00   0.177827900E-03   0.589348816E+00   0.265620125E-04   0.265043628E+02
   0.300000000E+00   0.316227800E-03   0.644220161E+00   0.528952082E-04   0.455831553E+02
   0.300000000E+00   0.562341300E-03   0.702583387E+00   0.107532070E-03   0.733949384E+02
   0.300000000E+00   0.100000000E-02   0.767867212E+00   0.227019316E-03   0.107801771E+03
   0.300000000E+00   0.177827940E-02   0.844592290E+00   0.500993856E-03   0.136539845E+03
   0.300000000E+00   0.316227770E-02   0.935198912E+00   0.111721276E-02   0.124551628E+03
   0.300000000E+00   0.562341330E-02   0.100057461E+01   0.188038679E-02   0.403296289E+01
   0.300000000E+00   0.100000000E-01   0.100072277E+01   0.187656913E-02   0.980373855E-02
   0.400000000E+00   0.100000000E-04   0.139537745E+00   0.255575801E-06   0.162181407E-01
   0.400000000E+00   0.177828000E-04   0.241797541E+00   0.787973331E-06   0.148848394E+00
   0.400000000E+00   0.316228000E-04   0.371001405E+00   0.215105793E-05   0.117598797E+01
   0.400000000E+00   0.562341000E-04   0.461612260E+00   0.476790553E-05   0.553860766E+01
   0.400000000E+00   0.100000000E-03   0.521537922E+00   0.962266079E-05   0.138316704E+02
   0.400000000E+00   0.177827900E-03   0.574450367E+00   0.190100232E-04   0.262245937E+02
   0.400000000E+00   0.316227800E-03   0.627397870E+00   0.375296063E-04   0.458191525E+02
   0.400000000E+00   0.562341300E-03   0.682777752E+00   0.751142940E-04   0.759138854E+02
   0.400000000E+00   0.100000000E-02   0.743237107E+00   0.155090035E-03   0.116664176E+03
   0.400000000E+00   0.177827940E-02   0.812690539E+00   0.334808073E-03   0.159511711E+03
   0.400000000E+00   0.316227770E-02   0.895636674E+00   0.747807188E-03   0.176038601E+03
   0.400000000E+00   0.562341330E-02   0.983399465E+00   0.155918230E-02   0.945186323E+02
   0.400000000E+00   0.100000000E-01   0.100078147E+01   0.179173350E-02   0.976286355E-02
   0.500000000E+00   0.100000000E-04   0.135104241E+00   0.195481443E-06   0.152096165E-01
   0.500000000E+00   0.177828000E-04   0.234459595E+00   0.603551605E-06   0.139887955E+00
   0.500000000E+00   0.316228000E-04   0.361753696E+00   0.165675838E-05   0.111499739E+01
   0.500000000E+00   0.562341000E-04   0.452179165E+00   0.368712653E-05   0.536286596E+01
   0.500000000E+00   0.100000000E-03   0.511481224E+00   0.743919483E-05   0.135870828E+02
   0.500000000E+00   0.177827900E-03   0.563437419E+00   0.146631592E-04   0.259418063E+02
   0.500000000E+00   0.316227800E-03   0.615124916E+00   0.288104262E-04   0.457427510E+02
   0.500000000E+00   0.562341300E-03   0.668637029E+00   0.571237173E-04   0.771390118E+02
   0.500000000E+00   0.100000000E-02   0.726075098E+00   0.116161445E-03   0.122097311E+03
   0.500000000E+00   0.177827940E-02   0.790777591E+00   0.246289921E-03   0.174938607E+03
   0.500000000E+00   0.316227770E-02   0.867425238E+00   0.544488074E-03   0.212303757E+03
   0.500000000E+00   0.562341330E-02   0.955859267E+00   0.119441640E-02   0.169820909E+03
   0.500000000E+00   0.100000000E-01   0.100082067E+01   0.172641703E-02   0.228041475E-01
   0.600000000E+00   0.100000000E-04   0.131631650E+00   0.156378823E-06   0.144419300E-01
   0.600000000E+00   0.177828000E-04   0.228691458E+00   0.483355532E-06   0.133043927E+00
   0.600000000E+00   0.316228000E-04   0.354418976E+00   0.133269759E-05   0.106766571E+01
   0.600000000E+00   0.562341000E-04   0.444705416E+00   0.297635524E-05   0.522151311E+01
   0.600000000E+00   0.100000000E-03   0.503540505E+00   0.600583472E-05   0.133833769E+02
   0.600000000E+00   0.177827900E-03   0.554776283E+00   0.118226660E-04   0.256830810E+02
   0.600000000E+00   0.316227800E-03   0.605548823E+00   0.231626885E-04   0.455542952E+02
   0.600000000E+00   0.562341300E-03   0.657763325E+00   0.456497284E-04   0.777301251E+02
   0.600000000E+00   0.100000000E-02   0.713129227E+00   0.918415279E-04   0.125624680E+03
   0.600000000E+00   0.177827940E-02   0.774502174E+00   0.191985469E-03   0.185968553E+03
   0.600000000E+00   0.316227770E-02   0.846347997E+00   0.419552293E-03   0.239422890E+03
   0.600000000E+00   0.562341330E-02   0.931391028E+00   0.933095228E-03   0.228603082E+03
   0.600000000E+00   0.100000000E-01   0.999814630E+00   0.166245620E-02   0.285261602E+02
   0.700000000E+00   0.100000000E-04   0.128814142E+00   0.128329817E-06   0.138334053E-01
   0.700000000E+00   0.177828000E-04   0.223998128E+00   0.397022163E-06   0.127604199E+00
   0.700000000E+00   0.316228000E-04   0.348406462E+00   0.109868114E-05   0.102958275E+01
   0.700000000E+00   0.562341000E-04   0.438581608E+00   0.246125286E-05   0.510460506E+01
   0.700000000E+00   0.100000000E-03   0.497049515E+00   0.496785751E-05   0.132109707E+02
   0.700000000E+00   0.177827900E-03   0.547714098E+00   0.977189526E-05   0.254524112E+02
   0.700000000E+00   0.316227800E-03   0.597779762E+00   0.191104388E-04   0.453288822E+02
   0.700000000E+00   0.562341300E-03   0.649029550E+00   0.375150793E-04   0.779853544E+02
   0.700000000E+00   0.100000000E-02   0.702883752E+00   0.749122406E-04   0.127996502E+03
   0.700000000E+00   0.177827940E-02   0.761799102E+00   0.154920985E-03   0.194182785E+03
   0.700000000E+00   0.316227770E-02   0.829940100E+00   0.335144148E-03   0.260546159E+03
   0.700000000E+00   0.562341330E-02   0.911106509E+00   0.747363080E-03   0.275748378E+03
   0.700000000E+00   0.100000000E-01   0.991609836E+00   0.149977336E-02   0.114131198E+03
   0.800000000E+00   0.100000000E-04   0.126492257E+00   0.105572782E-06   0.133414771E-01
   0.800000000E+00   0.177828000E-04   0.220121159E+00   0.326901723E-06   0.123196401E+00
   0.800000000E+00   0.316228000E-04   0.343408353E+00   0.907518437E-06   0.998411846E+00
   0.800000000E+00   0.562341000E-04   0.433491766E+00   0.203847699E-05   0.500672551E+01
   0.800000000E+00   0.100000000E-03   0.491663930E+00   0.411587916E-05   0.130641257E+02
   0.800000000E+00   0.177827900E-03   0.541863707E+00   0.809268186E-05   0.252493833E+02
   0.800000000E+00   0.316227800E-03   0.591363878E+00   0.158109143E-04   0.450992548E+02
   0.800000000E+00   0.562341300E-03   0.641864789E+00   0.309675011E-04   0.780561954E+02
   0.800000000E+00   0.100000000E-02   0.694567888E+00   0.615542082E-04   0.129628962E+03
   0.800000000E+00   0.177827940E-02   0.751598969E+00   0.126421576E-03   0.200477798E+03
   0.800000000E+00   0.316227770E-02   0.816815706E+00   0.271710716E-03   0.277484480E+03
   0.800000000E+00   0.562341330E-02   0.894400220E+00   0.606546970E-03   0.314508171E+03
   0.800000000E+00   0.100000000E-01   0.978576578E+00   0.128800939E-02   0.191895330E+03
   0.900000000E+00   0.100000000E-04   0.124631852E+00   0.789089136E-07   0.129530196E-01
   0.900000000E+00   0.177828000E-04   0.217007203E+00   0.244769330E-06   0.119705344E+00
   0.900000000E+00   0.316228000E-04   0.339371583E+00   0.682047661E-06   0.973473851E+00
   0.900000000E+00   0.562341000E-04   0.429382181E+00   0.153573352E-05   0.492670819E+01
   0.900000000E+00   0.100000000E-03   0.487320968E+00   0.310128801E-05   0.129420589E+02
   0.900000000E+00   0.177827900E-03   0.537147516E+00   0.609960443E-05   0.250762725E+02
   0.900000000E+00   0.316227800E-03   0.586195464E+00   0.119302784E-04   0.448855784E+02
   0.900000000E+00   0.562341300E-03   0.636105761E+00   0.234131534E-04   0.780309988E+02
   0.900000000E+00   0.100000000E-02   0.687909317E+00   0.466793893E-04   0.130776427E+03
   0.900000000E+00   0.177827940E-02   0.743454304E+00   0.963630764E-04   0.205410675E+03
   0.900000000E+00   0.316227770E-02   0.806308431E+00   0.208977662E-03   0.291366047E+03
   0.900000000E+00   0.562341330E-02   0.880739104E+00   0.473746762E-03   0.347003236E+03
   0.900000000E+00   0.100000000E-01   0.965122232E+00   0.105061141E-02   0.259358127E+03
   0.100000000E+01   0.100000000E-04   0.174349129E+00  -0.867772024E-02   0.474647157E+00
   0.100000000E+01   0.177828000E-04   0.263114112E+00  -0.114032944E-01   0.671493998E+00
   0.100000000E+01   0.316228000E-04   0.371705626E+00  -0.128342205E-01   0.153493518E+01
   0.100000000E+01   0.562341000E-04   0.449035732E+00  -0.123191402E-01   0.534981083E+01
   0.100000000E+01   0.100000000E-03   0.499943019E+00  -0.108179096E-01   0.133337427E+02
   0.100000000E+01   0.177827900E-03   0.545473806E+00  -0.885699975E-02   0.253999049E+02
   0.100000000E+01   0.316227800E-03   0.591281004E+00  -0.691665846E-02   0.452174963E+02
   0.100000000E+01   0.562341300E-03   0.638576213E+00  -0.532071104E-02   0.786118610E+02
   0.100000000E+01   0.100000000E-02   0.688040453E+00  -0.410574852E-02   0.132424886E+03
   0.100000000E+01   0.177827940E-02   0.741115792E+00  -0.320036287E-02   0.210249439E+03
   0.100000000E+01   0.316227770E-02   0.800986278E+00  -0.249551734E-02   0.303622903E+03
   0.100000000E+01   0.562341330E-02   0.871791289E+00  -0.185020606E-02   0.374728246E+03
   0.100000000E+01   0.100000000E-01   0.954116521E+00  -0.105348215E-02   0.317115200E+03
