 hih1=   1.231 Number of points =  130
   0.100000000E+00   0.100000000E-05   0.389871435E+00   0.237540047E-06   0.727819370E+01
   0.100000000E+00   0.177830000E-05   0.445322872E+00   0.484735109E-06   0.159395320E+02
   0.100000000E+00   0.316230000E-05   0.494770512E+00   0.960200139E-06   0.319126229E+02
   0.100000000E+00   0.562340000E-05   0.540836068E+00   0.186900131E-05   0.607693583E+02
   0.100000000E+00   0.100000000E-04   0.584979836E+00   0.359850620E-05   0.112317656E+03
   0.100000000E+00   0.177828000E-04   0.628072178E+00   0.688134576E-05   0.203570216E+03
   0.100000000E+00   0.316228000E-04   0.670670532E+00   0.131117054E-04   0.363242902E+03
   0.100000000E+00   0.562341000E-04   0.713267724E+00   0.249769654E-04   0.636998610E+03
   0.100000000E+00   0.100000000E-03   0.756489423E+00   0.477986259E-04   0.108727373E+04
   0.100000000E+00   0.177827900E-03   0.801317954E+00   0.927331914E-04   0.175965089E+04
   0.100000000E+00   0.316227800E-03   0.850133405E+00   0.185843480E-03   0.252273672E+04
   0.100000000E+00   0.562341300E-03   0.910557751E+00   0.408462545E-03   0.241435227E+04
   0.100000000E+00   0.100000000E-02   0.993248203E+00   0.976344607E-03   0.460928469E+03
   0.200000000E+00   0.100000000E-05   0.369679736E+00   0.109214386E-06   0.686612894E+01
   0.200000000E+00   0.177830000E-05   0.423380067E+00   0.223396457E-06   0.151562028E+02
   0.200000000E+00   0.316230000E-05   0.471110251E+00   0.443059934E-06   0.304820113E+02
   0.200000000E+00   0.562340000E-05   0.515467459E+00   0.862844419E-06   0.582261719E+02
   0.200000000E+00   0.100000000E-04   0.557888038E+00   0.166110760E-05   0.107927895E+03
   0.200000000E+00   0.177828000E-04   0.599207379E+00   0.317363610E-05   0.196360350E+03
   0.200000000E+00   0.316228000E-04   0.639922894E+00   0.603384970E-05   0.352648629E+03
   0.200000000E+00   0.562341000E-04   0.680409613E+00   0.114425076E-04   0.626108547E+03
   0.200000000E+00   0.100000000E-03   0.721046441E+00   0.217026278E-04   0.109587527E+04
   0.200000000E+00   0.177827900E-03   0.762256965E+00   0.413487147E-04   0.187266011E+04
   0.200000000E+00   0.316227800E-03   0.804978234E+00   0.797540583E-04   0.305080270E+04
   0.200000000E+00   0.562341300E-03   0.851106555E+00   0.158444008E-03   0.445422052E+04
   0.200000000E+00   0.100000000E-02   0.906945676E+00   0.341031041E-03   0.459392374E+04
   0.300000000E+00   0.100000000E-05   0.358576766E+00   0.694116950E-07   0.663935780E+01
   0.300000000E+00   0.177830000E-05   0.411309963E+00   0.142254793E-06   0.147231450E+02
   0.300000000E+00   0.316230000E-05   0.458094389E+00   0.282412000E-06   0.296870678E+02
   0.300000000E+00   0.562340000E-05   0.501514832E+00   0.550252376E-06   0.568003135E+02
   0.300000000E+00   0.100000000E-04   0.542997836E+00   0.105945722E-05   0.105421567E+03
   0.300000000E+00   0.177828000E-04   0.583366423E+00   0.202372242E-05   0.192077245E+03
   0.300000000E+00   0.316228000E-04   0.623098873E+00   0.384499057E-05   0.345712638E+03
   0.300000000E+00   0.562341000E-04   0.662534515E+00   0.728106890E-05   0.616225104E+03
   0.300000000E+00   0.100000000E-03   0.701981555E+00   0.137705655E-04   0.108691279E+04
   0.300000000E+00   0.177827900E-03   0.741717187E+00   0.260904052E-04   0.188691295E+04
   0.300000000E+00   0.316227800E-03   0.782338997E+00   0.497641848E-04   0.318079946E+04
   0.300000000E+00   0.562341300E-03   0.824865865E+00   0.965400526E-04   0.503575083E+04
   0.300000000E+00   0.100000000E-02   0.872005898E+00   0.194753181E-03   0.684778071E+04
   0.400000000E+00   0.100000000E-05   0.350989308E+00   0.503352313E-07   0.648459003E+01
   0.400000000E+00   0.177830000E-05   0.403059480E+00   0.103302499E-06   0.144268424E+02
   0.400000000E+00   0.316230000E-05   0.449196658E+00   0.205230205E-06   0.291418350E+02
   0.400000000E+00   0.562340000E-05   0.491977261E+00   0.400019422E-06   0.558187547E+02
   0.400000000E+00   0.100000000E-04   0.532821934E+00   0.770309032E-06   0.103684183E+03
   0.400000000E+00   0.177828000E-04   0.572546991E+00   0.147132506E-05   0.189065330E+03
   0.400000000E+00   0.316228000E-04   0.611621177E+00   0.279461194E-05   0.340677555E+03
   0.400000000E+00   0.562341000E-04   0.650366592E+00   0.528834293E-05   0.608440694E+03
   0.400000000E+00   0.100000000E-03   0.689058261E+00   0.998788911E-05   0.107718382E+04
   0.400000000E+00   0.177827900E-03   0.727907739E+00   0.188725531E-04   0.188400664E+04
   0.400000000E+00   0.316227800E-03   0.767367252E+00   0.358069392E-04   0.322567776E+04
   0.400000000E+00   0.562341300E-03   0.808108939E+00   0.687121479E-04   0.528786478E+04
   0.400000000E+00   0.100000000E-02   0.851871451E+00   0.135365562E-03   0.785835320E+04
   0.500000000E+00   0.100000000E-05   0.345266459E+00   0.391968219E-07   0.636798816E+01
   0.500000000E+00   0.177830000E-05   0.396835287E+00   0.805309665E-07   0.142032167E+02
   0.500000000E+00   0.316230000E-05   0.442483616E+00   0.160081549E-06   0.287297164E+02
   0.500000000E+00   0.562340000E-05   0.484781523E+00   0.312112898E-06   0.550752959E+02
   0.500000000E+00   0.100000000E-04   0.525145504E+00   0.601109237E-06   0.102363287E+03
   0.500000000E+00   0.177828000E-04   0.564387511E+00   0.114814077E-05   0.186758106E+03
   0.500000000E+00   0.316228000E-04   0.602970506E+00   0.218040392E-05   0.336758023E+03
   0.500000000E+00   0.562341000E-04   0.641206423E+00   0.412439037E-05   0.602147802E+03
   0.500000000E+00   0.100000000E-03   0.679351057E+00   0.778322126E-05   0.106838164E+04
   0.500000000E+00   0.177827900E-03   0.717579083E+00   0.146834822E-04   0.187670301E+04
   0.500000000E+00   0.316227800E-03   0.756263071E+00   0.277737840E-04   0.324169928E+04
   0.500000000E+00   0.562341300E-03   0.795894542E+00   0.529699996E-04   0.541702693E+04
   0.500000000E+00   0.100000000E-02   0.837740495E+00   0.103003820E-03   0.842356388E+04
   0.600000000E+00   0.100000000E-05   0.340700256E+00   0.318696641E-07   0.627504185E+01
   0.600000000E+00   0.177830000E-05   0.391868243E+00   0.655355286E-07   0.140247184E+02
   0.600000000E+00   0.316230000E-05   0.437126061E+00   0.130334123E-06   0.284004078E+02
   0.600000000E+00   0.562340000E-05   0.479038676E+00   0.254177152E-06   0.544804037E+02
   0.600000000E+00   0.100000000E-04   0.519019410E+00   0.489585703E-06   0.101303799E+03
   0.600000000E+00   0.177828000E-04   0.557877077E+00   0.935139912E-06   0.184898734E+03
   0.600000000E+00   0.316228000E-04   0.596070723E+00   0.177572802E-05   0.333568217E+03
   0.600000000E+00   0.562341000E-04   0.633905549E+00   0.335805753E-05   0.596912993E+03
   0.600000000E+00   0.100000000E-03   0.671624797E+00   0.633374437E-05   0.106062219E+04
   0.600000000E+00   0.177827900E-03   0.709379634E+00   0.119368615E-04   0.186832287E+04
   0.600000000E+00   0.316227800E-03   0.747492599E+00   0.225345664E-04   0.324560937E+04
   0.600000000E+00   0.562341300E-03   0.786345835E+00   0.428117669E-04   0.548942902E+04
   0.600000000E+00   0.100000000E-02   0.826932982E+00   0.825824654E-04   0.877456273E+04
   0.700000000E+00   0.100000000E-05   0.336928457E+00   0.266179588E-07   0.619832353E+01
   0.700000000E+00   0.177830000E-05   0.387764768E+00   0.547754476E-07   0.138772233E+02
   0.700000000E+00   0.316230000E-05   0.432699678E+00   0.108976406E-06   0.281280652E+02
   0.700000000E+00   0.562340000E-05   0.474293885E+00   0.212569560E-06   0.539879084E+02
   0.700000000E+00   0.100000000E-04   0.513958165E+00   0.409485617E-06   0.100425143E+03
   0.700000000E+00   0.177828000E-04   0.552498929E+00   0.782164049E-06   0.183351568E+03
   0.700000000E+00   0.316228000E-04   0.590372373E+00   0.148515996E-05   0.330896074E+03
   0.700000000E+00   0.562341000E-04   0.627878899E+00   0.280808538E-05   0.592463674E+03
   0.700000000E+00   0.100000000E-03   0.665252891E+00   0.529451036E-05   0.105378809E+04
   0.700000000E+00   0.177827900E-03   0.702629235E+00   0.997127740E-05   0.185994797E+04
   0.700000000E+00   0.316227800E-03   0.740296164E+00   0.187987279E-04   0.324383895E+04
   0.700000000E+00   0.562341300E-03   0.778562933E+00   0.356207367E-04   0.553198928E+04
   0.700000000E+00   0.100000000E-02   0.818246989E+00   0.683429464E-04   0.900695048E+04
   0.800000000E+00   0.100000000E-05   0.333752690E+00   0.224765591E-07   0.613375466E+01
   0.800000000E+00   0.177830000E-05   0.384309336E+00   0.462827025E-07   0.137529687E+02
   0.800000000E+00   0.316230000E-05   0.428972117E+00   0.921106279E-07   0.278984618E+02
   0.800000000E+00   0.562340000E-05   0.470298111E+00   0.179702659E-06   0.535723150E+02
   0.800000000E+00   0.100000000E-04   0.509695994E+00   0.346200558E-06   0.996825676E+02
   0.800000000E+00   0.177828000E-04   0.547970266E+00   0.661291541E-06   0.182040430E+03
   0.800000000E+00   0.316228000E-04   0.585574946E+00   0.125558224E-05   0.328619651E+03
   0.800000000E+00   0.562341000E-04   0.622806822E+00   0.237367622E-05   0.588632474E+03
   0.800000000E+00   0.100000000E-03   0.659893647E+00   0.447424080E-05   0.104775775E+04
   0.800000000E+00   0.177827900E-03   0.696958312E+00   0.842231210E-05   0.185198495E+04
   0.800000000E+00   0.316227800E-03   0.734263948E+00   0.158644301E-04   0.323929801E+04
   0.800000000E+00   0.562341300E-03   0.772067772E+00   0.300102527E-04   0.555748750E+04
   0.800000000E+00   0.100000000E-02   0.811064832E+00   0.573815411E-04   0.916806813E+04
   0.900000000E+00   0.100000000E-05   0.331090311E+00   0.183762141E-07   0.607963272E+01
   0.900000000E+00   0.177830000E-05   0.381412259E+00   0.378457612E-07   0.136487060E+02
   0.900000000E+00   0.316230000E-05   0.425846799E+00   0.753312858E-07   0.277055984E+02
   0.900000000E+00   0.562340000E-05   0.466947945E+00   0.146988373E-06   0.532227405E+02
   0.900000000E+00   0.100000000E-04   0.506122638E+00   0.283209871E-06   0.990566369E+02
   0.900000000E+00   0.177828000E-04   0.544173832E+00   0.541013397E-06   0.180931498E+03
   0.900000000E+00   0.316228000E-04   0.581553809E+00   0.102723979E-05   0.326683426E+03
   0.900000000E+00   0.562341000E-04   0.618556467E+00   0.194194678E-05   0.585341486E+03
   0.900000000E+00   0.100000000E-03   0.655404258E+00   0.366026386E-05   0.104247631E+04
   0.900000000E+00   0.177827900E-03   0.692210578E+00   0.688980778E-05   0.184465444E+04
   0.900000000E+00   0.316227800E-03   0.729218965E+00   0.129783461E-04   0.323354099E+04
   0.900000000E+00   0.562341300E-03   0.766647160E+00   0.245525685E-04   0.557282119E+04
   0.900000000E+00   0.100000000E-02   0.805100186E+00   0.469341367E-04   0.928397422E+04
   0.100000000E+01   0.100000000E-05   0.344560342E+00  -0.290869555E-02   0.772094995E+01
   0.100000000E+01   0.177830000E-05   0.390109956E+00  -0.308073893E-02   0.152600353E+02
   0.100000000E+01   0.316230000E-05   0.432013182E+00  -0.313186749E-02   0.290541900E+02
   0.100000000E+01   0.562340000E-05   0.471478703E+00  -0.308530818E-02   0.541386410E+02
   0.100000000E+01   0.100000000E-04   0.509506093E+00  -0.290325478E-02   0.100356608E+03
   0.100000000E+01   0.177828000E-04   0.546633525E+00  -0.256506506E-02   0.182133258E+03
   0.100000000E+01   0.316228000E-04   0.583133844E+00  -0.215749506E-02   0.327670965E+03
   0.100000000E+01   0.562341000E-04   0.619302007E+00  -0.178488320E-02   0.585964192E+03
   0.100000000E+01   0.100000000E-03   0.655361649E+00  -0.149871700E-02   0.104257444E+04
   0.100000000E+01   0.177827900E-03   0.691428438E+00  -0.128497677E-02   0.184459680E+04
   0.100000000E+01   0.316227800E-03   0.727713897E+00  -0.111981012E-02   0.323663151E+04
   0.100000000E+01   0.562341300E-03   0.764396828E+00  -0.986781764E-03   0.559457161E+04
   0.100000000E+01   0.100000000E-02   0.802008964E+00  -0.870856381E-03   0.938566496E+04
