 hih1=   8.000 Number of points =  130
   0.100000000E+00   0.100000000E-05   0.358571296E+00   0.215656733E-06   0.740685907E+01
   0.100000000E+00   0.177830000E-05   0.419126141E+00   0.414580098E-06   0.158271193E+02
   0.100000000E+00   0.316230000E-05   0.471035787E+00   0.807907393E-06   0.318039380E+02
   0.100000000E+00   0.562340000E-05   0.519252059E+00   0.157008944E-05   0.610734596E+02
   0.100000000E+00   0.100000000E-04   0.565842996E+00   0.303479746E-05   0.113760661E+03
   0.100000000E+00   0.177828000E-04   0.610565298E+00   0.584092010E-05   0.207578778E+03
   0.100000000E+00   0.316228000E-04   0.653870256E+00   0.112214804E-04   0.372510636E+03
   0.100000000E+00   0.562341000E-04   0.697837427E+00   0.214996843E-04   0.657677029E+03
   0.100000000E+00   0.100000000E-03   0.742079168E+00   0.412999760E-04   0.113480317E+04
   0.100000000E+00   0.177827900E-03   0.786649883E+00   0.804212255E-04   0.186447711E+04
   0.100000000E+00   0.316227800E-03   0.835273879E+00   0.160523773E-03   0.275311318E+04
   0.100000000E+00   0.562341300E-03   0.894030788E+00   0.344716616E-03   0.306359108E+04
   0.100000000E+00   0.100000000E-02   0.969609683E+00   0.838347028E-03   0.177255829E+04
   0.200000000E+00   0.100000000E-05   0.341675598E+00   0.104027786E-06   0.695005820E+01
   0.200000000E+00   0.177830000E-05   0.400596396E+00   0.201388325E-06   0.150078109E+02
   0.200000000E+00   0.316230000E-05   0.450836411E+00   0.393631345E-06   0.303338218E+02
   0.200000000E+00   0.562340000E-05   0.497348032E+00   0.766037300E-06   0.584614716E+02
   0.200000000E+00   0.100000000E-04   0.542188547E+00   0.148082878E-05   0.109209204E+03
   0.200000000E+00   0.177828000E-04   0.585134566E+00   0.284746496E-05   0.199924532E+03
   0.200000000E+00   0.316228000E-04   0.626602694E+00   0.545827196E-05   0.360706463E+03
   0.200000000E+00   0.562341000E-04   0.668521221E+00   0.104155446E-04   0.643031839E+03
   0.200000000E+00   0.100000000E-03   0.710343006E+00   0.198561686E-04   0.113096163E+04
   0.200000000E+00   0.177827900E-03   0.751694049E+00   0.380655024E-04   0.194168983E+04
   0.200000000E+00   0.316227800E-03   0.795011888E+00   0.737098161E-04   0.319033895E+04
   0.200000000E+00   0.562341300E-03   0.842025597E+00   0.145853849E-03   0.477259236E+04
   0.200000000E+00   0.100000000E-02   0.897559388E+00   0.314772681E-03   0.521217116E+04
   0.300000000E+00   0.100000000E-05   0.331987869E+00   0.674208332E-07   0.669243583E+01
   0.300000000E+00   0.177830000E-05   0.389963915E+00   0.130972713E-06   0.145428324E+02
   0.300000000E+00   0.316230000E-05   0.439245755E+00   0.256418672E-06   0.294942343E+02
   0.300000000E+00   0.562340000E-05   0.484784791E+00   0.499478080E-06   0.569578511E+02
   0.300000000E+00   0.100000000E-04   0.528633576E+00   0.965881550E-06   0.106552753E+03
   0.300000000E+00   0.177828000E-04   0.570584974E+00   0.185708201E-05   0.195331063E+03
   0.300000000E+00   0.316228000E-04   0.611046441E+00   0.355751837E-05   0.353121233E+03
   0.300000000E+00   0.562341000E-04   0.651882082E+00   0.677939970E-05   0.631629186E+03
   0.300000000E+00   0.100000000E-03   0.692503956E+00   0.128915793E-04   0.111800674E+04
   0.300000000E+00   0.177827900E-03   0.732422601E+00   0.245811821E-04   0.194650239E+04
   0.300000000E+00   0.316227800E-03   0.773732808E+00   0.471109861E-04   0.329582405E+04
   0.300000000E+00   0.562341300E-03   0.817373723E+00   0.914275161E-04   0.528535482E+04
   0.300000000E+00   0.100000000E-02   0.864733902E+00   0.184709869E-03   0.719614934E+04
   0.400000000E+00   0.100000000E-05   0.325254370E+00   0.491892324E-07   0.651466524E+01
   0.400000000E+00   0.177830000E-05   0.382569028E+00   0.957753909E-07   0.142207784E+02
   0.400000000E+00   0.316230000E-05   0.431182692E+00   0.187723821E-06   0.289108826E+02
   0.400000000E+00   0.562340000E-05   0.476045346E+00   0.365927477E-06   0.559095108E+02
   0.400000000E+00   0.100000000E-04   0.519206511E+00   0.707873829E-06   0.104690395E+03
   0.400000000E+00   0.177828000E-04   0.560471683E+00   0.136114610E-05   0.192076263E+03
   0.400000000E+00   0.316228000E-04   0.600244931E+00   0.260704281E-05   0.347613384E+03
   0.400000000E+00   0.562341000E-04   0.640351875E+00   0.496565164E-05   0.622853798E+03
   0.400000000E+00   0.100000000E-03   0.680189717E+00   0.943269943E-05   0.110598275E+04
   0.400000000E+00   0.177827900E-03   0.719221099E+00   0.179441797E-04   0.193869289E+04
   0.400000000E+00   0.316227800E-03   0.759381562E+00   0.342141365E-04   0.332933216E+04
   0.400000000E+00   0.562341300E-03   0.801295777E+00   0.657747653E-04   0.550317350E+04
   0.400000000E+00   0.100000000E-02   0.845225897E+00   0.129839410E-03   0.825761535E+04
   0.500000000E+00   0.100000000E-05   0.320135247E+00   0.390002446E-07   0.638010745E+01
   0.500000000E+00   0.177830000E-05   0.376944178E+00   0.760667427E-07   0.139763376E+02
   0.500000000E+00   0.316230000E-05   0.425048319E+00   0.149223389E-06   0.284671304E+02
   0.500000000E+00   0.562340000E-05   0.469396141E+00   0.291039561E-06   0.551101566E+02
   0.500000000E+00   0.100000000E-04   0.512034960E+00   0.563165498E-06   0.103265139E+03
   0.500000000E+00   0.177828000E-04   0.552780489E+00   0.108298559E-05   0.189568379E+03
   0.500000000E+00   0.316228000E-04   0.592035486E+00   0.207402645E-05   0.343306602E+03
   0.500000000E+00   0.562341000E-04   0.631598758E+00   0.394893408E-05   0.615770902E+03
   0.500000000E+00   0.100000000E-03   0.670861290E+00   0.749541829E-05   0.109543716E+04
   0.500000000E+00   0.177827900E-03   0.709260588E+00   0.142347946E-04   0.192775661E+04
   0.500000000E+00   0.316227800E-03   0.748637396E+00   0.270544115E-04   0.333729286E+04
   0.500000000E+00   0.562341300E-03   0.789445884E+00   0.516944796E-04   0.560975880E+04
   0.500000000E+00   0.100000000E-02   0.831496252E+00   0.100650664E-03   0.877679264E+04
   0.600000000E+00   0.100000000E-05   0.316018309E+00   0.315282352E-07   0.627222825E+01
   0.600000000E+00   0.177830000E-05   0.372418574E+00   0.615782002E-07   0.137799676E+02
   0.600000000E+00   0.316230000E-05   0.420111756E+00   0.120885491E-06   0.281101664E+02
   0.600000000E+00   0.562340000E-05   0.464044759E+00   0.235876219E-06   0.544664580E+02
   0.600000000E+00   0.100000000E-04   0.506263060E+00   0.456529630E-06   0.102115940E+03
   0.600000000E+00   0.177828000E-04   0.546590748E+00   0.877988183E-06   0.187541763E+03
   0.600000000E+00   0.316228000E-04   0.585429947E+00   0.168131401E-05   0.339809008E+03
   0.600000000E+00   0.562341000E-04   0.624558887E+00   0.320047806E-05   0.609953368E+03
   0.600000000E+00   0.100000000E-03   0.663365983E+00   0.607208336E-05   0.108651131E+04
   0.600000000E+00   0.177827900E-03   0.701274651E+00   0.115220164E-04   0.191721152E+04
   0.600000000E+00   0.316227800E-03   0.740063698E+00   0.218641196E-04   0.333695152E+04
   0.600000000E+00   0.562341300E-03   0.780085938E+00   0.416592909E-04   0.567089743E+04
   0.600000000E+00   0.100000000E-02   0.820897060E+00   0.807102785E-04   0.910682291E+04
   0.700000000E+00   0.100000000E-05   0.312590205E+00   0.268174997E-07   0.618261431E+01
   0.700000000E+00   0.177830000E-05   0.368648814E+00   0.524378582E-07   0.136165433E+02
   0.700000000E+00   0.316230000E-05   0.415999031E+00   0.103003025E-06   0.278126579E+02
   0.700000000E+00   0.562340000E-05   0.459586251E+00   0.201061793E-06   0.539291296E+02
   0.700000000E+00   0.100000000E-04   0.501454471E+00   0.389233438E-06   0.101154298E+03
   0.700000000E+00   0.177828000E-04   0.541435019E+00   0.748642784E-06   0.185838359E+03
   0.700000000E+00   0.316228000E-04   0.579930004E+00   0.143361086E-05   0.336842285E+03
   0.700000000E+00   0.562341000E-04   0.618701398E+00   0.272856920E-05   0.604929565E+03
   0.700000000E+00   0.100000000E-03   0.657137065E+00   0.517484775E-05   0.107849457E+04
   0.700000000E+00   0.177827900E-03   0.694651459E+00   0.981091549E-05   0.190648478E+04
   0.700000000E+00   0.316227800E-03   0.732977400E+00   0.185851616E-04   0.333029976E+04
   0.700000000E+00   0.562341300E-03   0.772397090E+00   0.352942865E-04   0.570126169E+04
   0.700000000E+00   0.100000000E-02   0.812300617E+00   0.678672431E-04   0.931381189E+04
   0.800000000E+00   0.100000000E-05   0.309681684E+00   0.225362509E-07   0.610673217E+01
   0.800000000E+00   0.177830000E-05   0.365449392E+00   0.441096124E-07   0.134779591E+02
   0.800000000E+00   0.316230000E-05   0.412507969E+00   0.866877919E-07   0.275601426E+02
   0.800000000E+00   0.562340000E-05   0.455801324E+00   0.169271192E-06   0.534727888E+02
   0.800000000E+00   0.100000000E-04   0.497372131E+00   0.327754917E-06   0.100337156E+03
   0.800000000E+00   0.177828000E-04   0.537057873E+00   0.630467256E-06   0.184389879E+03
   0.800000000E+00   0.316228000E-04   0.575260724E+00   0.120738252E-05   0.334315868E+03
   0.800000000E+00   0.562341000E-04   0.613729120E+00   0.229804712E-05   0.600636751E+03
   0.800000000E+00   0.100000000E-03   0.651851242E+00   0.435831106E-05   0.107158082E+04
   0.800000000E+00   0.177827900E-03   0.689036128E+00   0.826224179E-05   0.189691178E+04
   0.800000000E+00   0.316227800E-03   0.726982687E+00   0.156474340E-04   0.332269617E+04
   0.800000000E+00   0.562341300E-03   0.765925285E+00   0.296891360E-04   0.571943249E+04
   0.800000000E+00   0.100000000E-02   0.805144207E+00   0.569309537E-04   0.946182246E+04
   0.900000000E+00   0.100000000E-05   0.307265088E+00   0.183449708E-07   0.604238978E+01
   0.900000000E+00   0.177830000E-05   0.362788742E+00   0.354541259E-07   0.133604560E+02
   0.900000000E+00   0.316230000E-05   0.409601334E+00   0.694399729E-07   0.273459725E+02
   0.900000000E+00   0.562340000E-05   0.452646595E+00   0.135788612E-06   0.530856099E+02
   0.900000000E+00   0.100000000E-04   0.493966211E+00   0.263789187E-06   0.996431008E+02
   0.900000000E+00   0.177828000E-04   0.533403010E+00   0.509459240E-06   0.183156790E+03
   0.900000000E+00   0.316228000E-04   0.571359363E+00   0.979734666E-06   0.332155625E+03
   0.900000000E+00   0.562341000E-04   0.609572401E+00   0.187202915E-05   0.596937552E+03
   0.900000000E+00   0.100000000E-03   0.647430711E+00   0.356315071E-05   0.106553441E+04
   0.900000000E+00   0.177827900E-03   0.684338910E+00   0.677766993E-05   0.188821863E+04
   0.900000000E+00   0.316227800E-03   0.721967824E+00   0.128745684E-04   0.331444008E+04
   0.900000000E+00   0.562341300E-03   0.760513733E+00   0.244933473E-04   0.572899530E+04
   0.900000000E+00   0.100000000E-02   0.799173972E+00   0.471183788E-04   0.956684283E+04
   0.100000000E+01   0.100000000E-05   0.342389861E+00  -0.973421758E-03   0.100883870E+02
   0.100000000E+01   0.177830000E-05   0.381255980E+00  -0.122536925E-02   0.185057733E+02
   0.100000000E+01   0.316230000E-05   0.418944983E+00  -0.144327148E-02   0.332317554E+02
   0.100000000E+01   0.562340000E-05   0.457622898E+00  -0.159198458E-02   0.587915660E+02
   0.100000000E+01   0.100000000E-04   0.497046588E+00  -0.166668023E-02   0.104103523E+03
   0.100000000E+01   0.177828000E-04   0.535503098E+00  -0.168603813E-02   0.185632790E+03
   0.100000000E+01   0.316228000E-04   0.572682646E+00  -0.167041530E-02   0.332096613E+03
   0.100000000E+01   0.562341000E-04   0.610180982E+00  -0.160732752E-02   0.597133845E+03
   0.100000000E+01   0.100000000E-03   0.647350213E+00  -0.148387421E-02   0.106554935E+04
   0.100000000E+01   0.177827900E-03   0.683576827E+00  -0.131883536E-02   0.188683570E+04
   0.100000000E+01   0.316227800E-03   0.720472390E+00  -0.116604918E-02   0.331405893E+04
   0.100000000E+01   0.562341300E-03   0.758228481E+00  -0.103161381E-02   0.574250044E+04
   0.100000000E+01   0.100000000E-02   0.796017515E+00  -0.911049487E-03   0.965191928E+04
