 hih1=   2.000 Number of points =  165
   0.951026782E+00  -0.173626279E+00   0.145283209E+00  -0.592358514E-02   0.572318422E+00
   0.951026466E+00  -0.173634056E+00   0.180707169E+00  -0.736425257E-02   0.757929030E+00
   0.951025904E+00  -0.173647884E+00   0.247815957E+00  -0.100934187E-01   0.115101874E+01
   0.951024904E+00  -0.173672475E+00   0.203783685E+00  -0.834098299E-02   0.250993605E+01
   0.951023127E+00  -0.173716205E+00   0.348169135E+00  -0.142040424E-01   0.454267175E+01
   0.951019967E+00  -0.173793969E+00   0.448919579E+00  -0.183248207E-01   0.100207306E+02
   0.951014347E+00  -0.173932255E+00   0.514518690E+00  -0.210619104E-01   0.206559879E+02
   0.951004353E+00  -0.174178165E+00   0.572430177E+00  -0.235546685E-01   0.394629303E+02
   0.950986580E+00  -0.174615463E+00   0.628064087E+00  -0.260731788E-01   0.707110653E+02
   0.950954976E+00  -0.175393100E+00   0.684705109E+00  -0.288384237E-01   0.117802138E+03
   0.950898775E+00  -0.176775957E+00   0.745354752E+00  -0.321250313E-01   0.173008728E+03
   0.950798834E+00  -0.179235062E+00   0.818289626E+00  -0.365630409E-01   0.176528397E+03
   0.950621111E+00  -0.183608039E+00   0.916939341E+00  -0.432616923E-01   0.486560589E+02
   0.950305071E+00  -0.191384414E+00   0.931511366E+00  -0.463446664E-01   0.690131348E-01
   0.949743061E+00  -0.205212981E+00   0.932147577E+00  -0.497341956E-01   0.659710766E-01
   0.748835379E+00  -0.162467408E+00   0.129831110E+00  -0.895120479E-02   0.175219712E+01
   0.748834844E+00  -0.162475172E+00   0.197168895E+00  -0.135793345E-01   0.171904104E+01
   0.748833894E+00  -0.162488980E+00   0.271605839E+00  -0.187030019E-01   0.217590261E+01
   0.748832204E+00  -0.162513533E+00   0.365470557E+00  -0.251706599E-01   0.344723091E+01
   0.748829198E+00  -0.162557196E+00   0.436891525E+00  -0.300912578E-01   0.650621850E+01
   0.748823853E+00  -0.162634840E+00   0.506887681E+00  -0.349139990E-01   0.125599699E+02
   0.748814348E+00  -0.162772913E+00   0.529336390E+00  -0.364956546E-01   0.211977236E+02
   0.748797445E+00  -0.163018445E+00   0.611440136E+00  -0.421593059E-01   0.396683894E+02
   0.748767388E+00  -0.163455070E+00   0.673722515E+00  -0.464931876E-01   0.696217949E+02
   0.748713937E+00  -0.164231512E+00   0.733826355E+00  -0.507309004E-01   0.111302158E+03
   0.748618887E+00  -0.165612243E+00   0.798555388E+00  -0.553983652E-01   0.143659926E+03
   0.748449861E+00  -0.168067567E+00   0.882494062E+00  -0.616860436E-01   0.973164415E+02
   0.748149287E+00  -0.172433820E+00   0.945749771E+00  -0.665909820E-01   0.737287730E-01
   0.747614781E+00  -0.180198238E+00   0.944784792E+00  -0.663585525E-01   0.685714994E-01
   0.746664280E+00  -0.194005543E+00   0.943790731E+00  -0.659830255E-01   0.657436962E-01
   0.456832637E+00  -0.135937200E+00   0.142870206E+00  -0.169000175E-01   0.277120676E+01
   0.456831724E+00  -0.135944929E+00   0.184207283E+00  -0.217773554E-01   0.295615746E+01
   0.456830101E+00  -0.135958674E+00   0.284827024E+00  -0.336382617E-01   0.327557525E+01
   0.456827215E+00  -0.135983115E+00   0.383214194E+00  -0.452674167E-01   0.455400483E+01
   0.456822083E+00  -0.136026579E+00   0.459679684E+00  -0.543019499E-01   0.759149722E+01
   0.456812957E+00  -0.136103870E+00   0.529882840E+00  -0.625882036E-01   0.135503003E+02
   0.456796729E+00  -0.136241315E+00   0.589986534E+00  -0.696960151E-01   0.237244261E+02
   0.456767869E+00  -0.136485731E+00   0.609831928E+00  -0.721176805E-01   0.352574344E+02
   0.456716549E+00  -0.136920370E+00   0.697127072E+00  -0.824340553E-01   0.586951419E+02
   0.456625288E+00  -0.137693281E+00   0.768049031E+00  -0.908953104E-01   0.789635991E+02
   0.456463000E+00  -0.139067731E+00   0.849791267E+00  -0.100809734E+00   0.611942058E+02
   0.456174407E+00  -0.141511888E+00   0.916547366E+00  -0.108881312E+00   0.148420206E+01
   0.455661208E+00  -0.145858281E+00   0.915839446E+00  -0.108019887E+00   0.690530215E-01
   0.454748597E+00  -0.153587384E+00   0.914358563E+00  -0.106435626E+00   0.680048493E-01
   0.453125719E+00  -0.167331888E+00   0.912518538E+00  -0.103642845E+00   0.653889445E-01
   0.180155597E+00  -0.896067086E-01   0.173032391E+00  -0.420003022E-01   0.376817638E+01
   0.180153767E+00  -0.896142730E-01   0.211332402E+00  -0.512595206E-01   0.387780795E+01
   0.180150510E+00  -0.896277245E-01   0.297630874E+00  -0.721498495E-01   0.412567405E+01
   0.180144720E+00  -0.896516450E-01   0.388755481E+00  -0.941434310E-01   0.506640234E+01
   0.180134424E+00  -0.896941824E-01   0.459896651E+00  -0.111349560E+00   0.718087492E+01
   0.180116113E+00  -0.897698258E-01   0.523122009E+00  -0.126614892E+00   0.109641510E+02
   0.180083552E+00  -0.899043408E-01   0.584538975E+00  -0.141427946E+00   0.166772530E+02
   0.180025650E+00  -0.901435462E-01   0.645608976E+00  -0.156141832E+00   0.222556439E+02
   0.179922683E+00  -0.905689202E-01   0.675749503E+00  -0.163510396E+00   0.122709116E+02
   0.179739580E+00  -0.913253539E-01   0.746408757E+00  -0.180007983E+00   0.886457322E+01
   0.179413971E+00  -0.926705045E-01   0.770654854E+00  -0.184503638E+00   0.171355505E-01
   0.178834948E+00  -0.950625580E-01   0.769861712E+00  -0.181527873E+00   0.252810040E-01
   0.177805282E+00  -0.993162976E-01   0.768598531E+00  -0.176266311E+00   0.549060681E-01
   0.175974249E+00  -0.106880635E+00   0.766941392E+00  -0.167060594E+00   0.598821181E-01
   0.172718160E+00  -0.120332141E+00   0.765961352E+00  -0.151332808E+00   0.580665825E-01
   0.180842996E-01  -0.286457551E-01  -0.114874156E-01   0.236896222E-01   0.770714480E-03
   0.180796378E-01  -0.286519872E-01  -0.100639431E-01   0.224404914E-01   0.699270068E-03
   0.180713478E-01  -0.286630697E-01  -0.935154386E-02   0.221655535E-01   0.706920291E-03
   0.180566059E-01  -0.286827775E-01  -0.684121303E-02   0.208040557E-01   0.728380050E-03
   0.180303907E-01  -0.287178233E-01  -0.333903415E-02   0.187773645E-01   0.729802143E-03
   0.179837727E-01  -0.287801447E-01  -0.140047618E-02   0.185105522E-01   0.116141202E-02
   0.179008728E-01  -0.288909695E-01  -0.387480457E-03   0.203818570E-01   0.156558971E-02
   0.177534538E-01  -0.290880469E-01   0.109819574E-02   0.239345008E-01   0.146135614E-02
   0.174913015E-01  -0.294385055E-01  -0.235043052E-02   0.284704871E-01   0.109153811E-02
   0.170251215E-01  -0.300617190E-01   0.749816300E-02   0.403552229E-01   0.117417723E-02
   0.161961232E-01  -0.311699667E-01   0.267831720E-01   0.607697054E-01   0.109494813E-02
   0.147219325E-01  -0.331407408E-01   0.615724526E-01   0.924788086E-01   0.114193125E-02
   0.121004097E-01  -0.366453277E-01   0.122823661E+00   0.136186546E+00   0.310581134E-02
   0.743860950E-02  -0.428774624E-01   0.222450980E+00   0.184104771E+00   0.271835545E-01
  -0.851373600E-03  -0.539599394E-01   0.361648016E+00   0.216206643E+00   0.481861861E-01
  -0.984810000E-05   0.173650000E-05   0.287636757E+00   0.145085400E+01   0.355136490E+00
  -0.175126000E-04   0.308790000E-05   0.306801502E+00   0.157071960E+01   0.523050585E+00
  -0.311424000E-04   0.549120000E-05   0.337515678E+00   0.175499509E+01   0.972322722E+00
  -0.553798000E-04   0.976500000E-05   0.365481014E+00   0.192717878E+01   0.128226053E+01
  -0.984808000E-04   0.173648000E-04   0.319909567E+00   0.168122515E+01   0.344996283E+00
  -0.175126300E-03   0.308795000E-04   0.383052173E+00   0.210016853E+01   0.525953868E+00
  -0.311423600E-03   0.549124000E-04   0.393001250E+00   0.210021836E+01   0.376360848E-03
  -0.553798100E-03   0.976495000E-04   0.405514713E+00   0.206637821E+01   0.393066438E-03
  -0.984807800E-03   0.173648200E-03   0.426433358E+00   0.200954858E+01   0.301678292E-03
  -0.175126340E-02   0.308795000E-03   0.459918382E+00   0.191759265E+01   0.214386775E-03
  -0.311423560E-02   0.549123800E-03   0.510092219E+00   0.177789772E+01   0.215067401E-03
  -0.553798100E-02   0.976495500E-03   0.578651375E+00   0.158410065E+01   0.289219988E-03
  -0.984807750E-02   0.173648180E-02   0.661751036E+00   0.134461641E+01   0.933095211E-03
  -0.175126335E-01   0.308794980E-02   0.748929869E+00   0.108217765E+01   0.110248142E-01
  -0.311423556E-01   0.549123750E-02   0.829272851E+00   0.827908357E+00   0.463291885E-01
   0.955430324E-01   0.287363623E-01   0.502185921E+00   0.768748809E-02   0.174837052E+01
   0.955429363E-01   0.287441445E-01   0.548952888E+00   0.808240164E-02   0.227511150E+01
   0.955427654E-01   0.287579835E-01   0.514614266E+00   0.716521438E-02   0.274438506E+01
   0.955424616E-01   0.287825930E-01   0.704386376E+00   0.916904819E-02   0.572923914E+01
   0.955419213E-01   0.288263555E-01   0.831938690E+00   0.107087212E-01   0.125447795E+02
   0.955409605E-01   0.289041775E-01   0.937752821E+00   0.121694133E-01   0.257580285E+02
   0.955392519E-01   0.290425668E-01   0.104040622E+01   0.138453324E-01   0.485253833E+02
   0.955362136E-01   0.292886616E-01   0.115504016E+01   0.161622737E-01   0.799099172E+02
   0.955308106E-01   0.297262869E-01   0.130808346E+01   0.201377103E-01   0.102677212E+03
   0.955212025E-01   0.305045070E-01   0.156930234E+01   0.290081132E-01   0.683795017E+02
   0.955041166E-01   0.318883998E-01   0.173559175E+01   0.387710022E-01   0.276593350E+01
   0.954737332E-01   0.343493478E-01   0.172715197E+01   0.459956824E-01   0.784988679E-02
   0.954197031E-01   0.387256010E-01   0.171281643E+01   0.579254721E-01   0.206268364E-01
   0.953236224E-01   0.465078021E-01   0.168478176E+01   0.761424107E-01   0.430723024E-01
   0.951527640E-01   0.603467299E-01   0.163542322E+01   0.100165809E+00   0.489547595E-01
   0.330532624E+00   0.253030260E-02   0.201016042E+00  -0.377687260E-01   0.957963728E+01
   0.330534058E+00   0.253795210E-02   0.257796396E+00  -0.484044106E-01   0.991046425E+01
   0.330536609E+00   0.255155500E-02   0.376574195E+00  -0.706610172E-01   0.104363951E+02
   0.330541145E+00   0.257574480E-02   0.490212500E+00  -0.918916611E-01   0.124787875E+02
   0.330549211E+00   0.261876100E-02   0.571501695E+00  -0.107075793E+00   0.170821204E+02
   0.330563554E+00   0.269525580E-02   0.642471891E+00  -0.120317892E+00   0.260321333E+02
   0.330589060E+00   0.283128500E-02   0.706043914E+00  -0.132112797E+00   0.435160541E+02
   0.330634418E+00   0.307318290E-02   0.463908526E+00  -0.869732236E-01   0.675017521E+02
   0.330715076E+00   0.350334490E-02   0.807419244E+00  -0.150619972E+00   0.114910928E+03
   0.330858509E+00   0.426829310E-02   0.901603182E+00  -0.167424828E+00   0.190728195E+03
   0.331113573E+00   0.562858480E-02   0.101316971E+01  -0.186551561E+00   0.251716244E+03
   0.331567148E+00   0.804756360E-02   0.119760403E+01  -0.216717783E+00   0.185842856E+03
   0.332373730E+00   0.123491837E-01   0.135276108E+01  -0.238686599E+00   0.845693793E+01
   0.333808060E+00   0.199986662E-01   0.135070150E+01  -0.231553218E+00   0.376183400E-01
   0.336358699E+00   0.336015835E-01   0.134435440E+01  -0.218928330E+00   0.543902988E-01
   0.622972315E+00  -0.656280618E-01   0.208441487E+00  -0.554984280E-01   0.275203080E+02
   0.622974319E+00  -0.656205417E-01   0.259700953E+00  -0.691492852E-01   0.276494682E+02
   0.622977884E+00  -0.656071687E-01   0.314143064E+00  -0.836437098E-01   0.282655885E+02
   0.622984224E+00  -0.655833878E-01   0.388854054E+00  -0.103520020E+00   0.300380716E+02
   0.622995497E+00  -0.655410987E-01   0.437894245E+00  -0.116559173E+00   0.336526292E+02
   0.623015543E+00  -0.654658968E-01   0.491159880E+00  -0.130703622E+00   0.410687499E+02
   0.623051192E+00  -0.653321669E-01   0.533392747E+00  -0.141872608E+00   0.554938060E+02
   0.623114585E+00  -0.650943578E-01   0.573538789E+00  -0.152416040E+00   0.826971776E+02
   0.623227316E+00  -0.646714668E-01   0.544794518E+00  -0.144674711E+00   0.103278315E+03
   0.623427784E+00  -0.639194483E-01   0.643320041E+00  -0.170383982E+00   0.183687962E+03
   0.623784270E+00  -0.625821494E-01   0.712869494E+00  -0.187872242E+00   0.307830062E+03
   0.624418203E+00  -0.602040582E-01   0.801015961E+00  -0.209231657E+00   0.427452462E+03
   0.625545513E+00  -0.559751477E-01   0.950482516E+00  -0.244228870E+00   0.349635202E+03
   0.627550184E+00  -0.484549632E-01   0.113152462E+01  -0.283323673E+00   0.358898999E+02
   0.631115051E+00  -0.350819739E-01   0.113304800E+01  -0.275624473E+00   0.586306388E-01
   0.872594799E+00  -0.137039671E+00   0.142806740E+00  -0.433084484E-01   0.184717993E+02
   0.872597069E+00  -0.137032227E+00   0.156900659E+00  -0.476010081E-01   0.187398588E+02
   0.872601107E+00  -0.137018989E+00   0.186076199E+00  -0.564864959E-01   0.191891625E+02
   0.872608286E+00  -0.136995448E+00   0.236939401E+00  -0.719670958E-01   0.204090772E+02
   0.872621054E+00  -0.136953586E+00   0.278461664E+00  -0.845793950E-01   0.233848384E+02
   0.872643758E+00  -0.136879143E+00   0.310919135E+00  -0.943921785E-01   0.294370848E+02
   0.872684133E+00  -0.136746763E+00   0.342670456E+00  -0.103913502E+00   0.416794691E+02
   0.872755931E+00  -0.136511355E+00   0.372064133E+00  -0.112574822E+00   0.657048071E+02
   0.872883607E+00  -0.136092734E+00   0.376901253E+00  -0.113787728E+00   0.894372116E+02
   0.873110652E+00  -0.135348308E+00   0.429466505E+00  -0.128788584E+00   0.168099520E+03
   0.873514400E+00  -0.134024511E+00   0.479204125E+00  -0.142035175E+00   0.300302656E+03
   0.874232378E+00  -0.131670430E+00   0.542536642E+00  -0.157792581E+00   0.481928636E+03
   0.875509143E+00  -0.127484217E+00   0.637257522E+00  -0.179963156E+00   0.616085167E+03
   0.877779587E+00  -0.120039960E+00   0.815957100E+00  -0.220723597E+00   0.465613078E+03
   0.881817071E+00  -0.106801990E+00   0.979558959E+00  -0.251280102E+00   0.266630994E+02
   0.993604511E+00  -0.175189154E+00   0.912057537E-01  -0.226518746E-02   0.136121315E+00
   0.993606399E+00  -0.175181604E+00   0.782374405E-01  -0.211011948E-02   0.176253479E+00
   0.993609755E+00  -0.175168177E+00   0.678944617E-01  -0.143618229E-02   0.238778049E+00
   0.993615723E+00  -0.175144300E+00   0.509121307E-01  -0.443199248E-03   0.429134964E+00
   0.993626337E+00  -0.175101841E+00   0.442476727E-01  -0.349861324E-02   0.151655501E+01
   0.993645210E+00  -0.175026336E+00   0.213120852E-01  -0.958264331E-03   0.368543121E+01
   0.993678773E+00  -0.174892067E+00   0.693746181E-01  -0.202685443E-01   0.129035365E+02
   0.993738457E+00  -0.174653300E+00   0.976430861E-01  -0.262507506E-01   0.290791528E+02
   0.993844591E+00  -0.174228706E+00   0.129743474E+00  -0.317931270E-01   0.569337342E+02
   0.994033327E+00  -0.173473658E+00   0.168370607E+00  -0.387919622E-01   0.111556041E+03
   0.994368953E+00  -0.172130971E+00   0.217055361E+00  -0.480703248E-01   0.211083546E+03
   0.994965790E+00  -0.169743300E+00   0.282894897E+00  -0.607157291E-01   0.362822656E+03
   0.996027132E+00  -0.165497353E+00   0.378141094E+00  -0.788310157E-01   0.560012636E+03
   0.997914495E+00  -0.157946873E+00   0.532507514E+00  -0.107424724E+00   0.684003544E+03
   0.100127075E+01  -0.144520011E+00   0.812286717E+00  -0.156574758E+00   0.518836710E+03
