 hih1=   4.923 Number of points =  130
   0.100000000E+00   0.316230000E-05   0.270153540E+00   0.618790776E-06   0.120141182E+01
   0.100000000E+00   0.562340000E-05   0.361906564E+00   0.147839128E-05   0.329285727E+01
   0.100000000E+00   0.100000000E-04   0.439662976E+00   0.320925344E-05   0.822042865E+01
   0.100000000E+00   0.177828000E-04   0.505319878E+00   0.660522053E-05   0.176491970E+02
   0.100000000E+00   0.316228000E-04   0.564961737E+00   0.132694177E-04   0.343512636E+02
   0.100000000E+00   0.562341000E-04   0.622234617E+00   0.263799421E-04   0.629736497E+02
   0.100000000E+00   0.100000000E-03   0.679477105E+00   0.524113804E-04   0.110024533E+03
   0.100000000E+00   0.177827900E-03   0.738068387E+00   0.105279811E-03   0.181241245E+03
   0.100000000E+00   0.316227800E-03   0.800676828E+00   0.216757578E-03   0.270129207E+03
   0.100000000E+00   0.562341300E-03   0.872967565E+00   0.464715097E-03   0.327121159E+03
   0.100000000E+00   0.100000000E-02   0.964179616E+00   0.109978942E-02   0.177667752E+03
   0.100000000E+00   0.177827940E-02   0.100008484E+01   0.141655019E-02   0.143664371E+01
   0.100000000E+00   0.316227770E-02   0.100013915E+01   0.141371933E-02   0.157654550E-02
   0.200000000E+00   0.316230000E-05   0.249525729E+00   0.277469331E-06   0.110039006E+01
   0.200000000E+00   0.562340000E-05   0.337349143E+00   0.668191715E-06   0.303720747E+01
   0.200000000E+00   0.100000000E-04   0.412367994E+00   0.145657527E-05   0.768313551E+01
   0.200000000E+00   0.177828000E-04   0.475335937E+00   0.299582081E-05   0.167248853E+02
   0.200000000E+00   0.316228000E-04   0.532043655E+00   0.599399246E-05   0.329542749E+02
   0.200000000E+00   0.562341000E-04   0.585952939E+00   0.118216972E-04   0.613852178E+02
   0.200000000E+00   0.100000000E-03   0.639058809E+00   0.231796117E-04   0.110051642E+03
   0.200000000E+00   0.177827900E-03   0.692158192E+00   0.456070917E-04   0.190022290E+03
   0.200000000E+00   0.316227800E-03   0.746741164E+00   0.908929398E-04   0.311527732E+03
   0.200000000E+00   0.562341300E-03   0.805902017E+00   0.185240192E-03   0.468184957E+03
   0.200000000E+00   0.100000000E-02   0.873871084E+00   0.391090972E-03   0.583917165E+03
   0.200000000E+00   0.177827940E-02   0.956502282E+00   0.897436536E-03   0.371449438E+03
   0.200000000E+00   0.316227770E-02   0.100008747E+01   0.127355899E-02   0.764903370E+01
   0.300000000E+00   0.316230000E-05   0.238414480E+00   0.172732488E-06   0.104558564E+01
   0.300000000E+00   0.562340000E-05   0.324048077E+00   0.417325993E-06   0.289755577E+01
   0.300000000E+00   0.100000000E-04   0.397583061E+00   0.912775049E-06   0.738182484E+01
   0.300000000E+00   0.177828000E-04   0.459134516E+00   0.188015329E-05   0.161879036E+02
   0.300000000E+00   0.316228000E-04   0.514337238E+00   0.376369111E-05   0.320737266E+02
   0.300000000E+00   0.562341000E-04   0.566596097E+00   0.741888802E-05   0.601129876E+02
   0.300000000E+00   0.100000000E-03   0.617791840E+00   0.145137821E-04   0.108763952E+03
   0.300000000E+00   0.177827900E-03   0.668534092E+00   0.283982367E-04   0.190828453E+03
   0.300000000E+00   0.316227800E-03   0.719950610E+00   0.559575943E-04   0.322337911E+03
   0.300000000E+00   0.562341300E-03   0.774412419E+00   0.111722650E-03   0.514107195E+03
   0.300000000E+00   0.100000000E-02   0.834604389E+00   0.228870974E-03   0.734957777E+03
   0.300000000E+00   0.177827940E-02   0.904460756E+00   0.491954016E-03   0.795354181E+03
   0.300000000E+00   0.316227770E-02   0.984663356E+00   0.108619390E-02   0.239414649E+03
   0.400000000E+00   0.316230000E-05   0.230969270E+00   0.123429930E-06   0.100876585E+01
   0.400000000E+00   0.562340000E-05   0.315099868E+00   0.299296320E-06   0.280351015E+01
   0.400000000E+00   0.100000000E-04   0.387629631E+00   0.656284604E-06   0.717605200E+01
   0.400000000E+00   0.177828000E-04   0.448236382E+00   0.135289288E-05   0.158160364E+02
   0.400000000E+00   0.316228000E-04   0.502445940E+00   0.270782246E-05   0.314468259E+02
   0.400000000E+00   0.562341000E-04   0.553635957E+00   0.533243667E-05   0.591446704E+02
   0.400000000E+00   0.100000000E-03   0.603629208E+00   0.104111072E-04   0.107541474E+03
   0.400000000E+00   0.177827900E-03   0.652942759E+00   0.202973243E-04   0.190270046E+03
   0.400000000E+00   0.316227800E-03   0.702524813E+00   0.397499695E-04   0.326308193E+03
   0.400000000E+00   0.562341300E-03   0.754401826E+00   0.785928381E-04   0.535409526E+03
   0.400000000E+00   0.100000000E-02   0.810567260E+00   0.158282783E-03   0.812949147E+03
   0.400000000E+00   0.177827940E-02   0.873620114E+00   0.333136569E-03   0.102821398E+04
   0.400000000E+00   0.316227770E-02   0.951300457E+00   0.755108141E-03   0.721107138E+03
   0.500000000E+00   0.316230000E-05   0.225427051E+00   0.963091863E-07   0.981444320E+00
   0.500000000E+00   0.562340000E-05   0.308419651E+00   0.234155588E-06   0.273349399E+01
   0.500000000E+00   0.100000000E-04   0.380195228E+00   0.514368928E-06   0.702132325E+01
   0.500000000E+00   0.177828000E-04   0.440101459E+00   0.106075316E-05   0.155339025E+02
   0.500000000E+00   0.316228000E-04   0.493579624E+00   0.212216090E-05   0.309633348E+02
   0.500000000E+00   0.562341000E-04   0.543992007E+00   0.417383642E-05   0.583700373E+02
   0.500000000E+00   0.100000000E-03   0.593126316E+00   0.812995389E-05   0.106463340E+03
   0.500000000E+00   0.177827900E-03   0.641443875E+00   0.157877161E-04   0.189342404E+03
   0.500000000E+00   0.316227800E-03   0.689782654E+00   0.307317741E-04   0.327750490E+03
   0.500000000E+00   0.562341300E-03   0.739962128E+00   0.602551615E-04   0.546931224E+03
   0.500000000E+00   0.100000000E-02   0.793597451E+00   0.119996131E-03   0.858598492E+03
   0.500000000E+00   0.177827940E-02   0.852474334E+00   0.247656648E-03   0.117545882E+04
   0.500000000E+00   0.316227770E-02   0.922636587E+00   0.533624737E-03   0.114452922E+04
   0.600000000E+00   0.316230000E-05   0.221044944E+00   0.761015994E-07   0.959918242E+00
   0.600000000E+00   0.562340000E-05   0.303124705E+00   0.185427340E-06   0.267821646E+01
   0.600000000E+00   0.100000000E-04   0.374298409E+00   0.407952822E-06   0.689834070E+01
   0.600000000E+00   0.177828000E-04   0.433649932E+00   0.841622308E-06   0.153087483E+02
   0.600000000E+00   0.316228000E-04   0.486550521E+00   0.168360774E-05   0.305751707E+02
   0.600000000E+00   0.562341000E-04   0.536352203E+00   0.330926920E-05   0.577394306E+02
   0.600000000E+00   0.100000000E-03   0.584818984E+00   0.643940651E-05   0.105551993E+03
   0.600000000E+00   0.177827900E-03   0.632376036E+00   0.124881546E-04   0.188412692E+03
   0.600000000E+00   0.316227800E-03   0.679789511E+00   0.242727825E-04   0.328244210E+03
   0.600000000E+00   0.562341300E-03   0.728744691E+00   0.475150983E-04   0.554014402E+03
   0.600000000E+00   0.100000000E-02   0.780621195E+00   0.944061020E-04   0.888636999E+03
   0.600000000E+00   0.177827940E-02   0.836668744E+00   0.193494272E-03   0.127922943E+04
   0.600000000E+00   0.316227770E-02   0.902041621E+00   0.412424178E-03   0.143611813E+04
   0.700000000E+00   0.316230000E-05   0.217391851E+00   0.639339165E-07   0.941990597E+00
   0.700000000E+00   0.562340000E-05   0.298702842E+00   0.156121032E-06   0.263207624E+01
   0.700000000E+00   0.100000000E-04   0.369372934E+00   0.344087891E-06   0.679497168E+01
   0.700000000E+00   0.177828000E-04   0.428264611E+00   0.710598250E-06   0.151180395E+02
   0.700000000E+00   0.316228000E-04   0.480689719E+00   0.142240840E-05   0.302414791E+02
   0.700000000E+00   0.562341000E-04   0.529994985E+00   0.279765103E-05   0.571799839E+02
   0.700000000E+00   0.100000000E-03   0.577929491E+00   0.544668975E-05   0.104684617E+03
   0.700000000E+00   0.177827900E-03   0.624894663E+00   0.105630589E-04   0.187311273E+03
   0.700000000E+00   0.316227800E-03   0.671603984E+00   0.205018073E-04   0.327728667E+03
   0.700000000E+00   0.562341300E-03   0.719639654E+00   0.399621628E-04   0.557473157E+03
   0.700000000E+00   0.100000000E-02   0.770206560E+00   0.787151979E-04   0.907436945E+03
   0.700000000E+00   0.177827940E-02   0.824218471E+00   0.158910635E-03   0.134978251E+04
   0.700000000E+00   0.316227770E-02   0.886094940E+00   0.335582634E-03   0.165049010E+04
   0.800000000E+00   0.316230000E-05   0.214398642E+00   0.533121077E-07   0.927336349E+00
   0.800000000E+00   0.562340000E-05   0.295073252E+00   0.130348511E-06   0.259431438E+01
   0.800000000E+00   0.100000000E-04   0.365327503E+00   0.287485839E-06   0.671001587E+01
   0.800000000E+00   0.177828000E-04   0.423841094E+00   0.593597788E-06   0.149611164E+02
   0.800000000E+00   0.316228000E-04   0.475874749E+00   0.118730429E-05   0.299671828E+02
   0.800000000E+00   0.562341000E-04   0.524770166E+00   0.233207424E-05   0.567219355E+02
   0.800000000E+00   0.100000000E-03   0.572263306E+00   0.453087652E-05   0.103981641E+03
   0.800000000E+00   0.177827900E-03   0.618735410E+00   0.876187948E-05   0.186442781E+03
   0.800000000E+00   0.316227800E-03   0.664858567E+00   0.169500898E-04   0.327400315E+03
   0.800000000E+00   0.562341300E-03   0.712139522E+00   0.329494838E-04   0.560442983E+03
   0.800000000E+00   0.100000000E-02   0.761662608E+00   0.648310952E-04   0.922663229E+03
   0.800000000E+00   0.177827940E-02   0.814100933E+00   0.130915067E-03   0.140585584E+04
   0.800000000E+00   0.316227770E-02   0.873345390E+00   0.274471229E-03   0.181776950E+04
   0.900000000E+00   0.316230000E-05   0.211821521E+00   0.445451801E-07   0.914678517E+00
   0.900000000E+00   0.562340000E-05   0.291945710E+00   0.109022284E-06   0.256161803E+01
   0.900000000E+00   0.100000000E-04   0.361842968E+00   0.240573090E-06   0.663597697E+01
   0.900000000E+00   0.177828000E-04   0.420034815E+00   0.496673783E-06   0.148230128E+02
   0.900000000E+00   0.316228000E-04   0.471737932E+00   0.993090900E-06   0.297213263E+02
   0.900000000E+00   0.562341000E-04   0.520292159E+00   0.194975132E-05   0.562967876E+02
   0.900000000E+00   0.100000000E-03   0.567425656E+00   0.378611735E-05   0.103282777E+03
   0.900000000E+00   0.177827900E-03   0.613506468E+00   0.731605644E-05   0.185423253E+03
   0.900000000E+00   0.316227800E-03   0.659174475E+00   0.141322186E-04   0.326380543E+03
   0.900000000E+00   0.562341300E-03   0.705871888E+00   0.273934605E-04   0.561180873E+03
   0.900000000E+00   0.100000000E-02   0.754576121E+00   0.536156657E-04   0.931660042E+03
   0.900000000E+00   0.177827940E-02   0.805773620E+00   0.107407417E-03   0.144472350E+04
   0.900000000E+00   0.316227770E-02   0.862947748E+00   0.222976096E-03   0.194740494E+04
   0.100000000E+01   0.316230000E-05   0.279226888E+00  -0.175629521E-02   0.501778083E+01
   0.100000000E+01   0.562340000E-05   0.328900985E+00  -0.234554375E-02   0.728105541E+01
   0.100000000E+01   0.100000000E-04   0.378661289E+00  -0.278926946E-02   0.111324983E+02
   0.100000000E+01   0.177828000E-04   0.428590379E+00  -0.299354111E-02   0.178936208E+02
   0.100000000E+01   0.316228000E-04   0.477504537E+00  -0.302538619E-02   0.314278840E+02
   0.100000000E+01   0.562341000E-04   0.524054436E+00  -0.301628080E-02   0.577140342E+02
   0.100000000E+01   0.100000000E-03   0.569468436E+00  -0.295335608E-02   0.104676350E+03
   0.100000000E+01   0.177827900E-03   0.614321643E+00  -0.273498336E-02   0.186487210E+03
   0.100000000E+01   0.316227800E-03   0.658846940E+00  -0.238990645E-02   0.327670554E+03
   0.100000000E+01   0.562341300E-03   0.704319789E+00  -0.201615205E-02   0.564349210E+03
   0.100000000E+01   0.100000000E-02   0.751650815E+00  -0.167758597E-02   0.942014986E+03
   0.100000000E+01   0.177827940E-02   0.801230002E+00  -0.139570452E-02   0.147977593E+04
   0.100000000E+01   0.316227770E-02   0.856189820E+00  -0.111952019E-02   0.205844740E+04
