 hih1=   3.200 Number of points =  130
   0.100000000E+00   0.100000000E-04   0.172115053E+00   0.127500254E-05   0.307238852E-01
   0.100000000E+00   0.177828000E-04   0.294507637E+00   0.394067245E-05   0.219956007E+00
   0.100000000E+00   0.316228000E-04   0.429721000E+00   0.106890227E-04   0.174681702E+01
   0.100000000E+00   0.562341000E-04   0.523599416E+00   0.231905826E-04   0.672416873E+01
   0.100000000E+00   0.100000000E-03   0.589815354E+00   0.480482005E-04   0.148665511E+02
   0.100000000E+00   0.177827900E-03   0.653060069E+00   0.999467662E-04   0.258164511E+02
   0.100000000E+00   0.316227800E-03   0.721508492E+00   0.213223218E-03   0.395513792E+02
   0.100000000E+00   0.562341300E-03   0.801271584E+00   0.471865285E-03   0.530235570E+02
   0.100000000E+00   0.100000000E-02   0.896743070E+00   0.107271537E-02   0.551967549E+02
   0.100000000E+00   0.177827940E-02   0.989498490E+00   0.215682059E-02   0.197811831E+02
   0.100000000E+00   0.316227770E-02   0.100027366E+01   0.228260179E-02   0.964189281E-02
   0.100000000E+00   0.562341330E-02   0.100026409E+01   0.226797428E-02   0.979031881E-02
   0.100000000E+00   0.100000000E-01   0.100024793E+01   0.224164754E-02   0.988419315E-02
   0.200000000E+00   0.100000000E-04   0.155016990E+00   0.567995776E-06   0.250848369E-01
   0.200000000E+00   0.177828000E-04   0.266946840E+00   0.175563533E-05   0.180545448E+00
   0.200000000E+00   0.316228000E-04   0.397036937E+00   0.486007183E-05   0.149830865E+01
   0.200000000E+00   0.562341000E-04   0.489026423E+00   0.105322179E-04   0.625361273E+01
   0.200000000E+00   0.100000000E-03   0.551220000E+00   0.213012750E-04   0.146134791E+02
   0.200000000E+00   0.177827900E-03   0.608241897E+00   0.427370164E-04   0.267865113E+02
   0.200000000E+00   0.316227800E-03   0.666973754E+00   0.867716190E-04   0.446017833E+02
   0.200000000E+00   0.562341300E-03   0.731489814E+00   0.181533979E-03   0.682038323E+02
   0.200000000E+00   0.100000000E-02   0.805976110E+00   0.397245216E-03   0.920955658E+02
   0.200000000E+00   0.177827940E-02   0.895335189E+00   0.897598679E-03   0.984907155E+02
   0.200000000E+00   0.316227770E-02   0.987506206E+00   0.186942661E-02   0.435159063E+02
   0.200000000E+00   0.562341330E-02   0.100060910E+01   0.202536136E-02   0.104921468E-01
   0.200000000E+00   0.100000000E-01   0.100060119E+01   0.201665304E-02   0.984375126E-02
   0.300000000E+00   0.100000000E-04   0.145933539E+00   0.351805072E-06   0.223062257E-01
   0.300000000E+00   0.177828000E-04   0.252119422E+00   0.108669069E-05   0.161005946E+00
   0.300000000E+00   0.316228000E-04   0.379146186E+00   0.304591861E-05   0.136199672E+01
   0.300000000E+00   0.562341000E-04   0.470492428E+00   0.663563941E-05   0.593410625E+01
   0.300000000E+00   0.100000000E-03   0.531093559E+00   0.133452919E-04   0.142521799E+02
   0.300000000E+00   0.177827900E-03   0.585694922E+00   0.264890974E-04   0.266505899E+02
   0.300000000E+00   0.316227800E-03   0.640851580E+00   0.528013818E-04   0.457931499E+02
   0.300000000E+00   0.562341300E-03   0.699656302E+00   0.107400842E-03   0.737526408E+02
   0.300000000E+00   0.100000000E-02   0.765153542E+00   0.227274489E-03   0.108190448E+03
   0.300000000E+00   0.177827940E-02   0.842340270E+00   0.502671568E-03   0.136843819E+03
   0.300000000E+00   0.316227770E-02   0.934148912E+00   0.112591014E-02   0.124333138E+03
   0.300000000E+00   0.562341330E-02   0.999374063E+00   0.188821634E-02   0.129234378E+02
   0.300000000E+00   0.100000000E-01   0.100073180E+01   0.189091796E-02   0.980406000E-02
   0.400000000E+00   0.100000000E-04   0.139888814E+00   0.250022195E-06   0.205424074E-01
   0.400000000E+00   0.177828000E-04   0.242181606E+00   0.771842247E-06   0.148566505E+00
   0.400000000E+00   0.316228000E-04   0.366988503E+00   0.218194066E-05   0.127141140E+01
   0.400000000E+00   0.562341000E-04   0.457976481E+00   0.477804669E-05   0.570326341E+01
   0.400000000E+00   0.100000000E-03   0.517641646E+00   0.959151919E-05   0.139518093E+02
   0.400000000E+00   0.177827900E-03   0.570833798E+00   0.189507132E-04   0.263692635E+02
   0.400000000E+00   0.316227800E-03   0.624039759E+00   0.374453246E-04   0.460292193E+02
   0.400000000E+00   0.562341300E-03   0.679829412E+00   0.749913862E-04   0.762651886E+02
   0.400000000E+00   0.100000000E-02   0.740463345E+00   0.155162796E-03   0.117070217E+03
   0.400000000E+00   0.177827940E-02   0.810288884E+00   0.335542443E-03   0.159920746E+03
   0.400000000E+00   0.316227770E-02   0.894109859E+00   0.751119219E-03   0.176349796E+03
   0.400000000E+00   0.562341330E-02   0.982292544E+00   0.158583038E-02   0.897166606E+02
   0.400000000E+00   0.100000000E-01   0.100079101E+01   0.180454248E-02   0.105245220E-01
   0.500000000E+00   0.100000000E-04   0.135426219E+00   0.191392040E-06   0.192844021E-01
   0.500000000E+00   0.177828000E-04   0.234809042E+00   0.590572638E-06   0.139676940E+00
   0.500000000E+00   0.316228000E-04   0.357871018E+00   0.168012191E-05   0.120498612E+01
   0.500000000E+00   0.562341000E-04   0.448614460E+00   0.369590078E-05   0.552526391E+01
   0.500000000E+00   0.100000000E-03   0.507634266E+00   0.741446653E-05   0.137058123E+02
   0.500000000E+00   0.177827900E-03   0.559855353E+00   0.146144434E-04   0.260845768E+02
   0.500000000E+00   0.316227800E-03   0.611782596E+00   0.287378129E-04   0.459522200E+02
   0.500000000E+00   0.562341300E-03   0.665682081E+00   0.570166066E-04   0.774842717E+02
   0.500000000E+00   0.100000000E-02   0.723270515E+00   0.116174318E-03   0.122509580E+03
   0.500000000E+00   0.177827940E-02   0.788298759E+00   0.246703984E-03   0.175393972E+03
   0.500000000E+00   0.316227770E-02   0.865662006E+00   0.546106881E-03   0.212845139E+03
   0.500000000E+00   0.562341330E-02   0.954710388E+00   0.120497494E-02   0.166953759E+03
   0.500000000E+00   0.100000000E-01   0.100079735E+01   0.173691155E-02   0.311843701E+00
   0.600000000E+00   0.100000000E-04   0.131929782E+00   0.153191943E-06   0.183250459E-01
   0.600000000E+00   0.177828000E-04   0.229011586E+00   0.472529286E-06   0.132887485E+00
   0.600000000E+00   0.316228000E-04   0.350638425E+00   0.135100011E-05   0.115333804E+01
   0.600000000E+00   0.562341000E-04   0.441196404E+00   0.298369567E-05   0.538184640E+01
   0.600000000E+00   0.100000000E-03   0.499732004E+00   0.598485875E-05   0.135007689E+02
   0.600000000E+00   0.177827900E-03   0.551221569E+00   0.117803633E-04   0.258238149E+02
   0.600000000E+00   0.316227800E-03   0.602219518E+00   0.230969570E-04   0.457626978E+02
   0.600000000E+00   0.562341300E-03   0.654803475E+00   0.455498898E-04   0.780708039E+02
   0.600000000E+00   0.100000000E-02   0.710300773E+00   0.918138403E-04   0.126041689E+03
   0.600000000E+00   0.177827940E-02   0.771968675E+00   0.192211235E-03   0.186451433E+03
   0.600000000E+00   0.316227770E-02   0.844440317E+00   0.420401578E-03   0.240092714E+03
   0.600000000E+00   0.562341330E-02   0.930004498E+00   0.940978592E-03   0.226600810E+03
   0.600000000E+00   0.100000000E-01   0.999507559E+00   0.168395489E-02   0.292275035E+02
   0.700000000E+00   0.100000000E-04   0.129093782E+00   0.125761444E-06   0.175639092E-01
   0.700000000E+00   0.177828000E-04   0.224295590E+00   0.387821145E-06   0.127493965E+00
   0.700000000E+00   0.316228000E-04   0.344711852E+00   0.111330162E-05   0.111174996E+01
   0.700000000E+00   0.562341000E-04   0.435120840E+00   0.246725529E-05   0.526312777E+01
   0.700000000E+00   0.100000000E-03   0.493275314E+00   0.494938986E-05   0.133272129E+02
   0.700000000E+00   0.177827900E-03   0.544185318E+00   0.973409702E-05   0.255912021E+02
   0.700000000E+00   0.316227800E-03   0.594465476E+00   0.190498161E-04   0.455358348E+02
   0.700000000E+00   0.562341300E-03   0.646070692E+00   0.374205354E-04   0.783217510E+02
   0.700000000E+00   0.100000000E-02   0.700041681E+00   0.748595707E-04   0.128415738E+03
   0.700000000E+00   0.177827940E-02   0.759230650E+00   0.155034146E-03   0.194678681E+03
   0.700000000E+00   0.316227770E-02   0.827941437E+00   0.335590229E-03   0.261282290E+03
   0.700000000E+00   0.562341330E-02   0.909537595E+00   0.752213586E-03   0.274242062E+03
   0.700000000E+00   0.100000000E-01   0.991905277E+00   0.154271028E-02   0.104607328E+03
   0.800000000E+00   0.100000000E-04   0.126758179E+00   0.103408349E-06   0.169483720E-01
   0.800000000E+00   0.177828000E-04   0.220402299E+00   0.318873482E-06   0.123126877E+00
   0.800000000E+00   0.316228000E-04   0.339788726E+00   0.918503094E-06   0.107770515E+01
   0.800000000E+00   0.562341000E-04   0.430074931E+00   0.204168537E-05   0.516370132E+01
   0.800000000E+00   0.100000000E-03   0.487922239E+00   0.409637268E-05   0.131794495E+02
   0.800000000E+00   0.177827900E-03   0.538361070E+00   0.805265936E-05   0.253864971E+02
   0.800000000E+00   0.316227800E-03   0.588067287E+00   0.157432261E-04   0.453048315E+02
   0.800000000E+00   0.562341300E-03   0.638912369E+00   0.308554027E-04   0.783892823E+02
   0.800000000E+00   0.100000000E-02   0.691720339E+00   0.614429246E-04   0.130050803E+03
   0.800000000E+00   0.177827940E-02   0.749008683E+00   0.126383322E-03   0.200982084E+03
   0.800000000E+00   0.316227770E-02   0.814756415E+00   0.271800618E-03   0.278256203E+03
   0.800000000E+00   0.562341330E-02   0.892695551E+00   0.609495081E-03   0.313302872E+03
   0.800000000E+00   0.100000000E-01   0.978638215E+00   0.130975798E-02   0.185089141E+03
   0.900000000E+00   0.100000000E-04   0.124890659E+00   0.769357060E-07   0.164628281E-01
   0.900000000E+00   0.177828000E-04   0.217281697E+00   0.237548582E-06   0.119675674E+00
   0.900000000E+00   0.316228000E-04   0.335821272E+00   0.686831289E-06   0.105050480E+01
   0.900000000E+00   0.562341000E-04   0.426009942E+00   0.153066631E-05   0.508251319E+01
   0.900000000E+00   0.100000000E-03   0.483615014E+00   0.307123176E-05   0.130568444E+02
   0.900000000E+00   0.177827900E-03   0.533676302E+00   0.603919461E-05   0.252122561E+02
   0.900000000E+00   0.316227800E-03   0.582924299E+00   0.118208095E-04   0.450903601E+02
   0.900000000E+00   0.562341300E-03   0.633170285E+00   0.232171297E-04   0.783622356E+02
   0.900000000E+00   0.100000000E-02   0.685069412E+00   0.463884385E-04   0.131202537E+03
   0.900000000E+00   0.177827940E-02   0.740859238E+00   0.959564019E-04   0.205924084E+03
   0.900000000E+00   0.316227770E-02   0.804217347E+00   0.208344319E-03   0.292164090E+03
   0.900000000E+00   0.562341330E-02   0.878946977E+00   0.474910344E-03   0.346009380E+03
   0.900000000E+00   0.100000000E-01   0.964912724E+00   0.105727939E-02   0.254258309E+03
   0.100000000E+01   0.100000000E-04   0.200019692E+00  -0.703307420E-02   0.177378203E+01
   0.100000000E+01   0.177828000E-04   0.273082633E+00  -0.991996254E-02   0.200965697E+01
   0.100000000E+01   0.316228000E-04   0.367051583E+00  -0.113187182E-01   0.290062115E+01
   0.100000000E+01   0.562341000E-04   0.443859709E+00  -0.108831206E-01   0.646432571E+01
   0.100000000E+01   0.100000000E-03   0.495041865E+00  -0.984489760E-02   0.141837998E+02
   0.100000000E+01   0.177827900E-03   0.541325290E+00  -0.850092557E-02   0.260783166E+02
   0.100000000E+01   0.316227800E-03   0.587774172E+00  -0.687500287E-02   0.457548067E+02
   0.100000000E+01   0.562341300E-03   0.635609726E+00  -0.534121824E-02   0.791166498E+02
   0.100000000E+01   0.100000000E-02   0.685233039E+00  -0.411542547E-02   0.132940198E+03
   0.100000000E+01   0.177827940E-02   0.738566706E+00  -0.321011272E-02   0.210799314E+03
   0.100000000E+01   0.316227770E-02   0.798921638E+00  -0.250469540E-02   0.304419915E+03
   0.100000000E+01   0.562341330E-02   0.869989013E+00  -0.186500202E-02   0.373870449E+03
   0.100000000E+01   0.100000000E-01   0.953680814E+00  -0.105620052E-02   0.313325051E+03
