 hih1=   1.143 Number of points =  165
   0.963965846E+00  -0.732657684E-01   0.123748424E+00   0.794044241E-02   0.568531611E+00
   0.963966344E+00  -0.732735352E-01   0.162153080E+00   0.103998797E-01   0.777777044E+00
   0.963967231E+00  -0.732873468E-01   0.218436598E+00   0.140022880E-01   0.130413326E+01
   0.963968808E+00  -0.733119076E-01   0.192562179E+00   0.123460574E-01   0.231835797E+01
   0.963971611E+00  -0.733555836E-01   0.310498134E+00   0.198749307E-01   0.479993076E+01
   0.963976596E+00  -0.734332517E-01   0.394663186E+00   0.251983122E-01   0.110386648E+02
   0.963985462E+00  -0.735713673E-01   0.452819684E+00   0.287783680E-01   0.239062416E+02
   0.964001227E+00  -0.738169754E-01   0.503610759E+00   0.317444104E-01   0.463155053E+02
   0.964029262E+00  -0.742537352E-01   0.554513865E+00   0.344588869E-01   0.821795696E+02
   0.964079117E+00  -0.750304162E-01   0.610184139E+00   0.370203123E-01   0.133119066E+03
   0.964167771E+00  -0.764115720E-01   0.675655109E+00   0.394148883E-01   0.196236718E+03
   0.964325425E+00  -0.788676531E-01   0.756172703E+00   0.413909305E-01   0.244625345E+03
   0.964605776E+00  -0.832352513E-01   0.859928496E+00   0.425542066E-01   0.209761355E+03
   0.965104319E+00  -0.910020614E-01   0.937720455E+00   0.400413082E-01   0.272064888E-02
   0.965990867E+00  -0.104813620E+00   0.941033703E+00   0.322322141E-01   0.722593081E-03
   0.761715649E+00  -0.833027831E-01   0.258396748E+00   0.933768520E-02   0.173274305E+01
   0.761715929E+00  -0.833105609E-01   0.296343710E+00   0.106957705E-01   0.211959737E+01
   0.761716427E+00  -0.833243919E-01   0.344083391E+00   0.124025611E-01   0.296825996E+01
   0.761717312E+00  -0.833489873E-01   0.394332773E+00   0.141988912E-01   0.455354797E+01
   0.761718887E+00  -0.833927248E-01   0.370000496E+00   0.133266732E-01   0.524661134E+01
   0.761721687E+00  -0.834705024E-01   0.476115203E+00   0.171187154E-01   0.113944817E+02
   0.761726667E+00  -0.836088126E-01   0.545261489E+00   0.195716563E-01   0.237518856E+02
   0.761735522E+00  -0.838547668E-01   0.604914348E+00   0.216534316E-01   0.448290640E+02
   0.761751269E+00  -0.842921421E-01   0.663655285E+00   0.236409447E-01   0.783062412E+02
   0.761779271E+00  -0.850699176E-01   0.726053385E+00   0.256366770E-01   0.124759574E+03
   0.761829068E+00  -0.864530197E-01   0.797925458E+00   0.277233446E-01   0.173857493E+03
   0.761917619E+00  -0.889125617E-01   0.885900247E+00   0.298746827E-01   0.187665417E+03
   0.762075089E+00  -0.932863147E-01   0.990611681E+00   0.316543200E-01   0.463219420E+02
   0.762355114E+00  -0.101064070E+00   0.100114075E+01   0.305340917E-01   0.125193505E-02
   0.762853076E+00  -0.114895091E+00   0.999648764E+00   0.281741275E-01   0.910960991E-03
   0.468539366E+00  -0.874405085E-01   0.118494061E+00  -0.152505127E-02   0.156277629E+00
   0.468539267E+00  -0.874482906E-01   0.184381516E+00  -0.236401943E-02   0.313405233E+00
   0.468539090E+00  -0.874621295E-01   0.220203986E+00  -0.288438062E-02   0.953061268E+00
   0.468538774E+00  -0.874867388E-01   0.345183846E+00  -0.446411746E-02   0.211433296E+01
   0.468538214E+00  -0.875305011E-01   0.457909499E+00  -0.589785691E-02   0.526235806E+01
   0.468537217E+00  -0.876083226E-01   0.544010432E+00  -0.700828638E-02   0.122376865E+02
   0.468535444E+00  -0.877467111E-01   0.614768385E+00  -0.794451217E-02   0.245753686E+02
   0.468532291E+00  -0.879928045E-01   0.681579878E+00  -0.886574895E-02   0.441940753E+02
   0.468526684E+00  -0.884304272E-01   0.750310103E+00  -0.988244335E-02   0.721483622E+02
   0.468516714E+00  -0.892086428E-01   0.826214167E+00  -0.111408894E-01   0.102728913E+03
   0.468498985E+00  -0.905925275E-01   0.915899870E+00  -0.129000526E-01   0.114253403E+03
   0.468467456E+00  -0.930534611E-01   0.102144432E+01  -0.155105134E-01   0.369232040E+02
   0.468411391E+00  -0.974296887E-01   0.103746310E+01  -0.162872968E-01   0.168837840E-02
   0.468311690E+00  -0.105211844E+00   0.103557596E+01  -0.168229619E-01   0.118002503E-02
   0.468134394E+00  -0.119050691E+00   0.103232684E+01  -0.176600249E-01   0.871208783E-03
   0.188535138E+00  -0.702844460E-01   0.430841714E+00  -0.579141928E-01   0.852904283E+01
   0.188534107E+00  -0.702921603E-01   0.479442860E+00  -0.643587623E-01   0.899088796E+01
   0.188532275E+00  -0.703058784E-01   0.502639702E+00  -0.674005283E-01   0.971744799E+01
   0.188529017E+00  -0.703302732E-01   0.569050862E+00  -0.761992851E-01   0.114109662E+02
   0.188523223E+00  -0.703736538E-01   0.620604759E+00  -0.830447703E-01   0.143315902E+02
   0.188512920E+00  -0.704507968E-01   0.678291368E+00  -0.907319112E-01   0.200059590E+02
   0.188494598E+00  -0.705879785E-01   0.661057459E+00  -0.885016445E-01   0.196120231E+02
   0.188462017E+00  -0.708319259E-01   0.770000705E+00  -0.103100131E+00   0.323561543E+02
   0.188404078E+00  -0.712657325E-01   0.864794185E+00  -0.115977831E+00   0.413806527E+02
   0.188301047E+00  -0.720371620E-01   0.968250029E+00  -0.130318907E+00   0.269420600E+02
   0.188117828E+00  -0.734089790E-01   0.101613853E+01  -0.136764735E+00   0.168826758E-02
   0.187792014E+00  -0.758484531E-01   0.101436479E+01  -0.135646188E+00   0.133399784E-02
   0.187212626E+00  -0.801865196E-01   0.101131435E+01  -0.133617989E+00   0.885630875E-03
   0.186182312E+00  -0.879008139E-01   0.100620841E+01  -0.129905133E+00   0.605113056E-03
   0.184350126E+00  -0.101618985E+00   0.998085432E+00  -0.123061682E+00   0.452648387E-03
   0.209795287E-01  -0.265985066E-01   0.254900251E+00  -0.151549571E+00   0.408554770E-01
   0.209755438E-01  -0.266051919E-01   0.285265596E+00  -0.169356567E+00   0.934235594E-01
   0.209684577E-01  -0.266170802E-01   0.324441314E+00  -0.192506698E+00   0.168076271E+00
   0.209558566E-01  -0.266382209E-01   0.396898037E+00  -0.235240178E+00   0.361069792E+00
   0.209334483E-01  -0.266758151E-01   0.464563018E+00  -0.275047590E+00   0.517492565E+00
   0.208936000E-01  -0.267426679E-01   0.533697768E+00  -0.315456189E+00   0.206125774E+00
   0.208227386E-01  -0.268615510E-01   0.556080001E+00  -0.327140357E+00   0.835969752E-02
   0.206967273E-01  -0.270729583E-01   0.546263233E+00  -0.319853814E+00   0.100204905E+00
   0.204726441E-01  -0.274488995E-01   0.557410825E+00  -0.320575058E+00   0.287728481E-03
   0.200741614E-01  -0.281174280E-01   0.558517868E+00  -0.310754333E+00   0.219818540E-03
   0.193655478E-01  -0.293062585E-01   0.561119699E+00  -0.294124601E+00   0.130967408E-03
   0.181054349E-01  -0.314203313E-01   0.567628431E+00  -0.266454759E+00   0.811140128E-04
   0.158646021E-01  -0.351797435E-01   0.583081322E+00  -0.223910638E+00   0.581239007E-04
   0.118797753E-01  -0.418650288E-01   0.615899282E+00  -0.166511792E+00   0.496515655E-04
   0.479363980E-02  -0.537533339E-01   0.672668535E+00  -0.103822039E+00   0.536390607E-04
  -0.997560000E-05   0.697600000E-06   0.411624725E-01   0.477537600E+00   0.821113738E-01
  -0.177395000E-04   0.124050000E-05   0.448394792E-01   0.535276519E+00   0.879748454E-01
  -0.315457000E-04   0.220590000E-05   0.450911057E-01   0.554788551E+00   0.611318513E-01
  -0.560971000E-04   0.392270000E-05   0.582042145E-01   0.756030784E+00   0.654657875E-01
  -0.997564000E-04   0.697560000E-05   0.672317168E-01   0.863086981E+00   0.226167855E-01
  -0.177394800E-03   0.124047000E-04   0.739296464E-01   0.874551267E+00   0.110515076E-02
  -0.315457500E-03   0.220589000E-04   0.841945426E-01   0.866480820E+00   0.105227312E-03
  -0.560971500E-03   0.392269000E-04   0.101808160E+00   0.852444528E+00   0.929338403E-04
  -0.997564100E-03   0.697565000E-04   0.131280871E+00   0.828837519E+00   0.542300654E-04
  -0.177394760E-02   0.124046500E-03   0.178559375E+00   0.790698940E+00   0.323134652E-04
  -0.315457450E-02   0.220589300E-03   0.249625585E+00   0.732800944E+00   0.215099326E-04
  -0.560971490E-02   0.392269500E-03   0.346904490E+00   0.652502492E+00   0.168902146E-04
  -0.997564050E-02   0.697564700E-03   0.465127927E+00   0.553187450E+00   0.163136942E-04
  -0.177394761E-01   0.124046500E-02   0.590926723E+00   0.444965116E+00   0.197237002E-04
  -0.315457451E-01   0.220589340E-02   0.708561297E+00   0.340416916E+00   0.294645564E-04
   0.920158698E-01   0.385659079E-01   0.512042967E+00   0.609265639E-01   0.743618332E+01
   0.920149608E-01   0.385736374E-01   0.585927587E+00   0.694905758E-01   0.818061676E+01
   0.920133443E-01   0.385873827E-01   0.664227720E+00   0.785792196E-01   0.962145209E+01
   0.920104698E-01   0.386118256E-01   0.742742805E+00   0.877620352E-01   0.123251708E+02
   0.920053580E-01   0.386552919E-01   0.820417710E+00   0.968900485E-01   0.178962078E+02
   0.919962679E-01   0.387325872E-01   0.776116776E+00   0.919361743E-01   0.184193004E+02
   0.919801030E-01   0.388700397E-01   0.938237893E+00   0.111121219E+00   0.325855320E+02
   0.919513574E-01   0.391144688E-01   0.106186602E+01   0.126258166E+00   0.485628901E+02
   0.919002397E-01   0.395491320E-01   0.120895454E+01   0.145031753E+00   0.523963416E+02
   0.918093381E-01   0.403220846E-01   0.137935129E+01   0.168179801E+00   0.144717009E+02
   0.916476897E-01   0.416966103E-01   0.139901033E+01   0.172401356E+00   0.136093043E-02
   0.913602336E-01   0.441409011E-01   0.139213495E+01   0.174114748E+00   0.699637750E-03
   0.908490564E-01   0.484875331E-01   0.138001360E+01   0.176571548E+00   0.377279731E-03
   0.899400405E-01   0.562170592E-01   0.135912718E+01   0.179234221E+00   0.229884392E-03
   0.883235562E-01   0.699623164E-01   0.132474872E+01   0.179593359E+00   0.164331497E-03
   0.328457443E+00   0.370665086E-01   0.205471606E+00  -0.166754987E-01   0.271981253E+01
   0.328458070E+00   0.370742661E-01   0.286571961E+00  -0.232093489E-01   0.299092479E+01
   0.328459185E+00   0.370880611E-01   0.387021228E+00  -0.313023079E-01   0.375973917E+01
   0.328461167E+00   0.371125925E-01   0.480004132E+00  -0.387903394E-01   0.570109709E+01
   0.328464692E+00   0.371562161E-01   0.572131447E+00  -0.461982305E-01   0.102647738E+02
   0.328470961E+00   0.372337912E-01   0.542398149E+00  -0.438572967E-01   0.169612928E+02
   0.328482109E+00   0.373717413E-01   0.690234621E+00  -0.556547175E-01   0.321625023E+02
   0.328501933E+00   0.376170552E-01   0.773029793E+00  -0.621686826E-01   0.586008630E+02
   0.328537185E+00   0.380532918E-01   0.851856731E+00  -0.682103331E-01   0.957910403E+02
   0.328599873E+00   0.388290425E-01   0.943185104E+00  -0.749171521E-01   0.137540731E+03
   0.328711351E+00   0.402085438E-01   0.105978785E+01  -0.828831820E-01   0.151810025E+03
   0.328909589E+00   0.426616826E-01   0.120904377E+01  -0.918231124E-01   0.649711355E+02
   0.329262111E+00   0.470240489E-01   0.124004958E+01  -0.915758412E-01   0.231411639E-02
   0.329888995E+00   0.547815550E-01   0.123635191E+01  -0.875812388E-01   0.127201266E-02
   0.331003769E+00   0.685765684E-01   0.122976631E+01  -0.808713307E-01   0.795101666E-03
   0.626419608E+00  -0.150205700E-03   0.386113049E+00  -0.606675446E-01   0.175113687E+02
   0.626420815E+00  -0.142517200E-03   0.410277204E+00  -0.644450810E-01   0.182113139E+02
   0.626422963E+00  -0.128844900E-03   0.448265975E+00  -0.703896867E-01   0.194005082E+02
   0.626426781E+00  -0.104531600E-03   0.484059188E+00  -0.759868139E-01   0.214532047E+02
   0.626433572E+00  -0.612958000E-04   0.526802325E+00  -0.826677922E-01   0.258076091E+02
   0.626445649E+00   0.155896000E-04   0.563575337E+00  -0.884054240E-01   0.337313130E+02
   0.626467123E+00   0.152313200E-03   0.443157311E+00  -0.695442318E-01   0.299095656E+02
   0.626505312E+00   0.395445900E-03   0.603791112E+00  -0.946412275E-01   0.544317609E+02
   0.626573221E+00   0.827803900E-03   0.670518812E+00  -0.104917485E+00   0.974277915E+02
   0.626693982E+00   0.159665730E-02   0.735277407E+00  -0.114690789E+00   0.158461216E+03
   0.626908730E+00   0.296389340E-02   0.812003333E+00  -0.125937332E+00   0.231814909E+03
   0.627290612E+00   0.539522110E-02   0.911838998E+00  -0.139945757E+00   0.273157629E+03
   0.627969705E+00   0.971880120E-02   0.104769878E+01  -0.157761089E+00   0.177449595E+03
   0.629177322E+00   0.174073346E-01   0.110381142E+01  -0.162453311E+00   0.221309654E-02
   0.631324802E+00   0.310796953E-01   0.110225932E+01  -0.157009585E+00   0.141179484E-02
   0.882139179E+00  -0.450779599E-01   0.227960493E+00  -0.440955381E-01   0.988315018E+01
   0.882140659E+00  -0.450703191E-01   0.260615382E+00  -0.504129369E-01   0.102456502E+02
   0.882143291E+00  -0.450567316E-01   0.299927221E+00  -0.580133068E-01   0.111632919E+02
   0.882147970E+00  -0.450325692E-01   0.339776708E+00  -0.657114285E-01   0.129392243E+02
   0.882156292E+00  -0.449896018E-01   0.384018457E+00  -0.742441292E-01   0.167994076E+02
   0.882171091E+00  -0.449131938E-01   0.421527127E+00  -0.814516292E-01   0.244089950E+02
   0.882197407E+00  -0.447773190E-01   0.389745839E+00  -0.752945051E-01   0.276906209E+02
   0.882244205E+00  -0.445356956E-01   0.474173718E+00  -0.914463873E-01   0.529365221E+02
   0.882327424E+00  -0.441060217E-01   0.523926077E+00  -0.100703961E+00   0.972349265E+02
   0.882475411E+00  -0.433419414E-01   0.574325814E+00  -0.109750225E+00   0.162947113E+03
   0.882738573E+00  -0.419831931E-01   0.634588675E+00  -0.120085029E+00   0.252921479E+03
   0.883206549E+00  -0.395669591E-01   0.712513672E+00  -0.132678800E+00   0.360310293E+03
   0.884038741E+00  -0.352702198E-01   0.822317657E+00  -0.149195067E+00   0.372954198E+03
   0.885518611E+00  -0.276294169E-01   0.967740804E+00  -0.168701903E+00   0.126410782E+03
   0.888150233E+00  -0.140419343E-01   0.990274549E+00  -0.164324478E+00   0.146871823E-02
   0.100647369E+01  -0.703694972E-01   0.645018986E-01   0.266561727E-03   0.278686352E+01
   0.100647478E+01  -0.703617908E-01   0.628119700E-01  -0.340649858E-03   0.282871061E+01
   0.100647672E+01  -0.703480867E-01   0.669582218E-01  -0.279925688E-02   0.329056284E+01
   0.100648016E+01  -0.703237169E-01   0.630909171E-01  -0.327620654E-02   0.412478280E+01
   0.100648627E+01  -0.702803806E-01   0.995091057E-01  -0.134800633E-01   0.653361294E+01
   0.100649715E+01  -0.702033166E-01   0.141975241E+00  -0.219195092E-01   0.107998964E+02
   0.100651650E+01  -0.700662753E-01   0.180465492E+00  -0.269608072E-01   0.232342561E+02
   0.100655089E+01  -0.698225775E-01   0.218762406E+00  -0.313005199E-01   0.415305869E+02
   0.100661206E+01  -0.693892147E-01   0.263617230E+00  -0.363189225E-01   0.716915431E+02
   0.100672084E+01  -0.686185747E-01   0.318462520E+00  -0.425466811E-01   0.120656216E+03
   0.100691428E+01  -0.672481613E-01   0.387497271E+00  -0.504973378E-01   0.197039203E+03
   0.100725827E+01  -0.648111835E-01   0.476972647E+00  -0.608344541E-01   0.300632619E+03
   0.100786997E+01  -0.604775559E-01   0.597805161E+00  -0.744067566E-01   0.402101860E+03
   0.100895776E+01  -0.527711553E-01   0.772778066E+00  -0.929462613E-01   0.386785558E+03
   0.101089214E+01  -0.390670218E-01   0.916371274E+00  -0.105107050E+00   0.455066149E+00
