 hih1=   3.200 Number of points =  130
   0.100000000E+00   0.100000000E-05   0.400785525E+00   0.248137289E-06   0.104696384E+02
   0.100000000E+00   0.177830000E-05   0.443741167E+00   0.488498493E-06   0.213074327E+02
   0.100000000E+00   0.316230000E-05   0.485470560E+00   0.949547027E-06   0.389015624E+02
   0.100000000E+00   0.562340000E-05   0.527025422E+00   0.183432687E-05   0.694416010E+02
   0.100000000E+00   0.100000000E-04   0.568899174E+00   0.352491723E-05   0.123324892E+03
   0.100000000E+00   0.177828000E-04   0.611106676E+00   0.674695562E-05   0.218196339E+03
   0.100000000E+00   0.316228000E-04   0.653698465E+00   0.128966617E-04   0.383073587E+03
   0.100000000E+00   0.562341000E-04   0.697018668E+00   0.247489839E-04   0.660365181E+03
   0.100000000E+00   0.100000000E-03   0.742003120E+00   0.481776256E-04   0.109467494E+04
   0.100000000E+00   0.177827900E-03   0.790426692E+00   0.967139771E-04   0.168973307E+04
   0.100000000E+00   0.316227800E-03   0.845536458E+00   0.202718316E-03   0.233304008E+04
   0.100000000E+00   0.562341300E-03   0.910688883E+00   0.441001436E-03   0.263532096E+04
   0.100000000E+00   0.100000000E-02   0.980699154E+00   0.917394056E-03   0.160169573E+04
   0.200000000E+00   0.100000000E-05   0.381019964E+00   0.114190316E-06   0.983172591E+01
   0.200000000E+00   0.177830000E-05   0.422496833E+00   0.225103627E-06   0.203406031E+02
   0.200000000E+00   0.316230000E-05   0.462517914E+00   0.437777154E-06   0.372762657E+02
   0.200000000E+00   0.562340000E-05   0.502321715E+00   0.845869636E-06   0.666183292E+02
   0.200000000E+00   0.100000000E-04   0.542412751E+00   0.162517677E-05   0.118478082E+03
   0.200000000E+00   0.177828000E-04   0.582773226E+00   0.310742827E-05   0.210302010E+03
   0.200000000E+00   0.316228000E-04   0.623351782E+00   0.592053004E-05   0.372195576E+03
   0.200000000E+00   0.562341000E-04   0.664222109E+00   0.112657516E-04   0.654146152E+03
   0.200000000E+00   0.100000000E-03   0.705700619E+00   0.215102844E-04   0.113067544E+04
   0.200000000E+00   0.177827900E-03   0.748458702E+00   0.416307523E-04   0.188310931E+04
   0.200000000E+00   0.316227800E-03   0.794395876E+00   0.828923691E-04   0.293212493E+04
   0.200000000E+00   0.562341300E-03   0.846359486E+00   0.172111373E-03   0.410634344E+04
   0.200000000E+00   0.100000000E-02   0.907610875E+00   0.371630957E-03   0.477797693E+04
   0.300000000E+00   0.100000000E-05   0.370146687E+00   0.726343634E-07   0.947545654E+01
   0.300000000E+00   0.177830000E-05   0.410821838E+00   0.143305103E-06   0.198028189E+02
   0.300000000E+00   0.316230000E-05   0.449904829E+00   0.278789487E-06   0.363736953E+02
   0.300000000E+00   0.562340000E-05   0.488746952E+00   0.538779867E-06   0.650410489E+02
   0.300000000E+00   0.100000000E-04   0.527865445E+00   0.103524789E-05   0.115721282E+03
   0.300000000E+00   0.177828000E-04   0.567237463E+00   0.197916863E-05   0.205583053E+03
   0.300000000E+00   0.316228000E-04   0.606789568E+00   0.376827732E-05   0.364598812E+03
   0.300000000E+00   0.562341000E-04   0.646531326E+00   0.715568217E-05   0.644100495E+03
   0.300000000E+00   0.100000000E-03   0.686612241E+00   0.135904058E-04   0.112711729E+04
   0.300000000E+00   0.177827900E-03   0.727326549E+00   0.259834818E-04   0.192793839E+04
   0.300000000E+00   0.316227800E-03   0.769914185E+00   0.505838476E-04   0.314708697E+04
   0.300000000E+00   0.562341300E-03   0.816462375E+00   0.101849975E-03   0.474483052E+04
   0.300000000E+00   0.100000000E-02   0.870027814E+00   0.214201405E-03   0.631124767E+04
   0.400000000E+00   0.100000000E-05   0.362721738E+00   0.527282470E-07   0.923001459E+01
   0.400000000E+00   0.177830000E-05   0.402854697E+00   0.104095554E-06   0.194332218E+02
   0.400000000E+00   0.316230000E-05   0.441297622E+00   0.202559812E-06   0.357546104E+02
   0.400000000E+00   0.562340000E-05   0.479482899E+00   0.391520775E-06   0.639574319E+02
   0.400000000E+00   0.100000000E-04   0.517938304E+00   0.752367254E-06   0.113816792E+03
   0.400000000E+00   0.177828000E-04   0.556640214E+00   0.143836011E-05   0.202274797E+03
   0.400000000E+00   0.316228000E-04   0.595507068E+00   0.273796590E-05   0.359049493E+03
   0.400000000E+00   0.562341000E-04   0.634523251E+00   0.519505895E-05   0.635690418E+03
   0.400000000E+00   0.100000000E-03   0.673769824E+00   0.984501654E-05   0.111841836E+04
   0.400000000E+00   0.177827900E-03   0.713372403E+00   0.187194161E-04   0.193734231E+04
   0.400000000E+00   0.316227800E-03   0.754218829E+00   0.360214686E-04   0.324263018E+04
   0.400000000E+00   0.562341300E-03   0.797881377E+00   0.711653221E-04   0.509300954E+04
   0.400000000E+00   0.100000000E-02   0.846956889E+00   0.146399386E-03   0.723227591E+04
   0.500000000E+00   0.100000000E-05   0.357118154E+00   0.410946081E-07   0.904363198E+01
   0.500000000E+00   0.177830000E-05   0.396844941E+00   0.811686087E-07   0.191530115E+02
   0.500000000E+00   0.316230000E-05   0.434805084E+00   0.157976881E-06   0.352860516E+02
   0.500000000E+00   0.562340000E-05   0.472494410E+00   0.305385973E-06   0.631367952E+02
   0.500000000E+00   0.100000000E-04   0.510449498E+00   0.586897892E-06   0.112370735E+03
   0.500000000E+00   0.177828000E-04   0.548647074E+00   0.112205666E-05   0.199745756E+03
   0.500000000E+00   0.316228000E-04   0.587001799E+00   0.213568474E-05   0.354729340E+03
   0.500000000E+00   0.562341000E-04   0.625485478E+00   0.405072527E-05   0.628778478E+03
   0.500000000E+00   0.100000000E-03   0.664144190E+00   0.766777266E-05   0.110947421E+04
   0.500000000E+00   0.177827900E-03   0.703014007E+00   0.145364986E-04   0.193542101E+04
   0.500000000E+00   0.316227800E-03   0.742775403E+00   0.277840035E-04   0.328858545E+04
   0.500000000E+00   0.562341300E-03   0.784648478E+00   0.542145072E-04   0.530362364E+04
   0.500000000E+00   0.100000000E-02   0.830829323E+00   0.109672553E-03   0.784773342E+04
   0.600000000E+00   0.100000000E-05   0.352644500E+00   0.334597571E-07   0.889412636E+01
   0.600000000E+00   0.177830000E-05   0.392048982E+00   0.661156574E-07   0.189285030E+02
   0.600000000E+00   0.316230000E-05   0.429623872E+00   0.128700280E-06   0.349111865E+02
   0.600000000E+00   0.562340000E-05   0.466917065E+00   0.248817095E-06   0.624800913E+02
   0.600000000E+00   0.100000000E-04   0.504472655E+00   0.478219982E-06   0.111211807E+03
   0.600000000E+00   0.177828000E-04   0.542268077E+00   0.914321214E-06   0.197711008E+03
   0.600000000E+00   0.316228000E-04   0.580216002E+00   0.174023639E-05   0.351218284E+03
   0.600000000E+00   0.562341000E-04   0.618281012E+00   0.330000499E-05   0.622998574E+03
   0.600000000E+00   0.100000000E-03   0.656488801E+00   0.624265952E-05   0.110121832E+04
   0.600000000E+00   0.177827900E-03   0.694822313E+00   0.118138848E-04   0.192941393E+04
   0.600000000E+00   0.316227800E-03   0.733830248E+00   0.224844936E-04   0.331067820E+04
   0.600000000E+00   0.562341300E-03   0.774484793E+00   0.435038663E-04   0.543841580E+04
   0.600000000E+00   0.100000000E-02   0.818655123E+00   0.868913161E-04   0.828451033E+04
   0.700000000E+00   0.100000000E-05   0.348944453E+00   0.280006242E-07   0.877000209E+01
   0.700000000E+00   0.177830000E-05   0.388083740E+00   0.553479499E-07   0.187422692E+02
   0.700000000E+00   0.316230000E-05   0.425340121E+00   0.107754640E-06   0.346006224E+02
   0.700000000E+00   0.562340000E-05   0.462305536E+00   0.208341348E-06   0.619359751E+02
   0.700000000E+00   0.100000000E-04   0.499530608E+00   0.400454711E-06   0.110250619E+03
   0.700000000E+00   0.177828000E-04   0.536993581E+00   0.765675371E-06   0.196019183E+03
   0.700000000E+00   0.316228000E-04   0.574606000E+00   0.145731552E-05   0.348280310E+03
   0.700000000E+00   0.562341000E-04   0.612327889E+00   0.276323187E-05   0.618077654E+03
   0.700000000E+00   0.100000000E-03   0.650171953E+00   0.522514853E-05   0.109379343E+04
   0.700000000E+00   0.177827900E-03   0.688087020E+00   0.987720653E-05   0.192198597E+04
   0.700000000E+00   0.316227800E-03   0.726532883E+00   0.187459582E-04   0.332029309E+04
   0.700000000E+00   0.562341300E-03   0.766301906E+00   0.360560274E-04   0.552781031E+04
   0.700000000E+00   0.100000000E-02   0.808998384E+00   0.713224104E-04   0.860694915E+04
   0.800000000E+00   0.100000000E-05   0.345822227E+00   0.237322911E-07   0.866492687E+01
   0.800000000E+00   0.177830000E-05   0.384738739E+00   0.469250744E-07   0.185847166E+02
   0.800000000E+00   0.316230000E-05   0.421726442E+00   0.913672393E-07   0.343381694E+02
   0.800000000E+00   0.562340000E-05   0.458415146E+00   0.176670561E-06   0.614761122E+02
   0.800000000E+00   0.100000000E-04   0.495361198E+00   0.339602280E-06   0.109437630E+03
   0.800000000E+00   0.177828000E-04   0.532543654E+00   0.649355955E-06   0.194585519E+03
   0.800000000E+00   0.316228000E-04   0.569873380E+00   0.123602943E-05   0.345779374E+03
   0.800000000E+00   0.562341000E-04   0.607307319E+00   0.234344613E-05   0.613839436E+03
   0.800000000E+00   0.100000000E-03   0.644849327E+00   0.443035066E-05   0.108717349E+04
   0.800000000E+00   0.177827900E-03   0.682425005E+00   0.836901541E-05   0.191425507E+04
   0.800000000E+00   0.316227800E-03   0.720431272E+00   0.158547933E-04   0.332303828E+04
   0.800000000E+00   0.562341300E-03   0.759526482E+00   0.303718952E-04   0.558842234E+04
   0.800000000E+00   0.100000000E-02   0.801099389E+00   0.596578697E-04   0.885148844E+04
   0.900000000E+00   0.100000000E-05   0.343190658E+00   0.195471335E-07   0.857611168E+01
   0.900000000E+00   0.177830000E-05   0.381920139E+00   0.386596196E-07   0.184515925E+02
   0.900000000E+00   0.316230000E-05   0.418681434E+00   0.752812824E-07   0.341165736E+02
   0.900000000E+00   0.562340000E-05   0.455136780E+00   0.145577987E-06   0.610877032E+02
   0.900000000E+00   0.100000000E-04   0.491847486E+00   0.279859050E-06   0.108750236E+03
   0.900000000E+00   0.177828000E-04   0.528793340E+00   0.535174779E-06   0.193370804E+03
   0.900000000E+00   0.316228000E-04   0.565884734E+00   0.101880127E-05   0.343651401E+03
   0.900000000E+00   0.562341000E-04   0.603076349E+00   0.193194913E-05   0.610199053E+03
   0.900000000E+00   0.100000000E-03   0.640365596E+00   0.365277244E-05   0.108134590E+04
   0.900000000E+00   0.177827900E-03   0.677661338E+00   0.690007925E-05   0.190680121E+04
   0.900000000E+00   0.316227800E-03   0.715314066E+00   0.130662283E-04   0.332202152E+04
   0.900000000E+00   0.562341300E-03   0.753879439E+00   0.249943248E-04   0.563024374E+04
   0.900000000E+00   0.100000000E-02   0.794569040E+00   0.489613748E-04   0.904100333E+04
   0.100000000E+01   0.100000000E-05   0.367554222E+00  -0.228512602E-02   0.311646280E+02
   0.100000000E+01   0.177830000E-05   0.394061485E+00  -0.264485161E-02   0.382889118E+02
   0.100000000E+01   0.316230000E-05   0.424852748E+00  -0.285008400E-02   0.513538613E+02
   0.100000000E+01   0.562340000E-05   0.459332445E+00  -0.283738558E-02   0.762620528E+02
   0.100000000E+01   0.100000000E-04   0.495365543E+00  -0.269470761E-02   0.122336682E+03
   0.100000000E+01   0.177828000E-04   0.531442616E+00  -0.252486179E-02   0.205334006E+03
   0.100000000E+01   0.316228000E-04   0.567748842E+00  -0.230019776E-02   0.353026973E+03
   0.100000000E+01   0.562341000E-04   0.604186775E+00  -0.200183465E-02   0.615776933E+03
   0.100000000E+01   0.100000000E-03   0.640700417E+00  -0.170555069E-02   0.108305356E+04
   0.100000000E+01   0.177827900E-03   0.677202333E+00  -0.147343449E-02   0.190649503E+04
   0.100000000E+01   0.316227800E-03   0.714032626E+00  -0.129564978E-02   0.332723002E+04
   0.100000000E+01   0.562341300E-03   0.751676498E+00  -0.114799380E-02   0.567087451E+04
   0.100000000E+01   0.100000000E-02   0.791200712E+00  -0.101413785E-02   0.920500903E+04
